TERRA                   
1 25994U 99068A   22227.81297314  .00000216  00000+0  57708-4 0  9990
2 25994  98.1337 298.3626 0001633  90.0464  19.4448 14.57136963205264
AQUA                    
1 27424U 02022A   22227.80896344  .00000399  00000+0  98101-4 0  9995
2 27424  98.2490 169.1454 0001979  71.3332 318.8304 14.57354617 78878
METEOSAT-8 (MSG-1)      
1 27509U 02040B   22225.69852733  .00000117  00000+0  00000+0 0  9992
2 27509   8.1411  50.3386 0001657 107.4440  97.3373  1.00264874 73187
SUOMI NPP               
1 37849U 11061A   22227.83334434  .00000035  00000+0  37551-4 0  9999
2 37849  98.7335 165.5669 0001247  86.5321 349.7605 14.19538107559625
METEOSAT-10 (MSG-3)     
1 38552U 12035B   22225.69216169  .00000041  00000+0  00000+0 0  9990
2 38552   1.6067  44.3385 0000733  52.5636 123.5578  1.00269641 36786
METOP-B                 
1 38771U 12049A   22227.83216175  .00000060  00000+0  47290-4 0  9991
2 38771  98.6916 286.6942 0000659 132.5125 335.4182 14.21501444514173
LANDSAT 8               
1 39084U 13008A   22227.82393916  .00000190  00000+0  52172-4 0  9992
2 39084  98.2192 297.3853 0001287  95.6569 264.4777 14.57108124493828
HIMAWARI-8              
1 40267U 14060A   22226.87028189 -.00000292  00000+0  00000+0 0  9999
2 40267   0.0404 255.4105 0000980 251.2151 270.5861  1.00272821 28692
SENTINEL-2A             
1 40697U 15028A   22227.84402244  .00000057  00000+0  38258-4 0  9996
2 40697  98.5669 301.7797 0001243  88.7125 271.4202 14.30816389373347
METEOSAT-11 (MSG-4)     
1 40732U 15034A   22225.69024328 -.00000025  00000+0  00000+0 0  9992
2 40732   0.4044  67.8289 0001280  32.1738 110.3548  1.00267223 25951
SENTINEL-3A             
1 41335U 16011A   22227.81118585  .00000052  00000+0  39512-4 0  9997
2 41335  98.6192 294.2393 0001174  99.6390 260.4923 14.26740316338233
GOES 16                 
1 41866U 16071A   22227.43902302 -.00000263  00000+0  00000+0 0  9998
2 41866   0.0554 268.2303 0000695 284.8577 213.5686  1.00271454 21059
SENTINEL-2B             
1 42063U 17013A   22227.80894268  .00000054  00000+0  37173-4 0  9990
2 42063  98.5680 301.7165 0001478  83.0218 277.1133 14.30821332284250
FENGYUN 3D              
1 43010U 17072A   22227.85523880  .00000024  00000+0  32785-4 0  9993
2 43010  98.8176 172.1688 0002918  85.3415 274.8095 14.19217510246196
NOAA 20                 
1 43013U 17073A   22227.78246267  .00000040  00000+0  39684-4 0  9993
2 43013  98.7173 165.4145 0000737  89.4060 270.7201 14.19565632245640
GOES 17                 
1 43226U 18022A   22227.60405774  .00000083  00000+0  00000+0 0  9997
2 43226   0.0926 271.0822 0000370 237.3203 255.7111  1.00272486 16366
SENTINEL-3B             
1 43437U 18039A   22227.22298103  .00000051  00000+0  39310-4 0  9999
2 43437  98.6252 293.7018 0001549  87.6697 272.4661 14.26734935224210
METOP-C                 
1 43689U 18087A   22227.77766069  .00000057  00000+0  46071-4 0  9990
2 43689  98.6799 286.7867 0002096 204.5519 155.5559 14.21501446195735
