UNKNOWN                 
1 81036U          22226.68731844  .00002500  00000+0  45709-2 0  9996
2 81036  65.9996 356.0918 2715559 105.6199 285.7963  9.16126844290418
UNKNOWN                 
1 81037U          22226.97378526  .00008081  00000+0  57660-3 0  9993
2 81037  62.1989 214.0639 0232516 120.9886 241.4267 14.86021106 27963
UNKNOWN                 
1 81052U          22226.30488181  .00001123  00000+0  38374-3 0  9997
2 81052  65.7782 165.9431 0640939 174.7052 186.1239 13.62269894433481
UNKNOWN                 
1 81069U          22226.47148105  .00001955  00000+0  31733-2 0  9996
2 81069 100.3327  57.8489 0069336 126.7272 234.0254 13.48534414351328
UNKNOWN                 
1 81073U          22226.33527431  .00006168  00000+0  58426-2 0  9998
2 81073  61.5895 218.7140 4719375 235.5819  70.5838  5.89323961529156
UNKNOWN                 
1 81078U          22226.87570497  .00000892  00000+0  27888-1 0  9997
2 81078  65.1174  22.3151 0191548 267.3172 248.0278 11.21859898358199
UNKNOWN                 
1 81111U          22227.36589315  .00017478  00000+0  17906-2 0  9998
2 81111  62.8469   2.3811 4364910 310.5393  18.9041  6.74025860184504
UNKNOWN                 
1 81122U          22225.13541272  .00006548  00000+0  26212-2 0  9999
2 81122  97.6270 186.2243 0267372 356.7404   3.2020 14.10960394402649
UNKNOWN                 
1 81123U 70025    22223.93004000  .00000590  00000+0  63898-3 0  9996
2 81123 100.0438 220.1174 0003667 355.4219   4.6896 13.77846762438224
UNKNOWN                 
1 81134U          22226.56694127  .00000158  00000+0  55678-3 0  9998
2 81134  90.2767 335.6779 0021957 331.0958  28.8942 12.92409437305487
UNKNOWN                 
1 81161U          22226.50526348 -.00001912  00000+0 -20243-2 0  9991
2 81161 100.3907 307.5168 0068552 117.5958 243.2169 13.71758528389173
UNKNOWN                 
1 81219U 81053    22225.25420261  .00000295  00000+0  26955-3 0  9998
2 81219  82.9280 198.9550 0024193  48.2522 312.0699 13.79909531439509
UNKNOWN                 
1 81221U          22226.61104389  .00001445  00000+0  67610-3 0  9996
2 81221  98.8710 166.1888 0111706 260.9555  97.8966 14.18623165351422
UNKNOWN                 
1 81228U          22221.96372831  .00005107  00000+0  22545-2 0  9991
2 81228  70.5412  85.8503 0094897 359.4954   0.6056 14.21378564451623
UNKNOWN                 
1 81247U 81053    22227.53002049  .00009615  00000+0  23011-2 0  9996
2 81247  83.2435 152.3694 0033154  54.1824 306.2448 14.53140332459729
UNKNOWN                 
1 81254U 70025    22226.66809777  .00000375  00000+0  32076-3 0  9993
2 81254 100.3722 117.3183 0082741  28.2767 332.2844 13.93100946443109
UNKNOWN                 
1 81264U          22225.30831310  .00004620  00000+0  86688-3 0  9993
2 81264  99.4456 242.3683 0100281  84.6622 276.6007 14.62113032430848
UNKNOWN                 
1 81279U          22227.17823780  .00000386  00000+0  17718-3 0  9991
2 81279  98.1155  10.4754 0221496 328.1449  30.6487 14.14246296290451
UNKNOWN                 
1 81301U          22225.26341313  .00000127  00000+0  20208-3 0  9993
2 81301  66.7607 320.7337 0093738 325.2114  64.6369 13.75577119438847
UNKNOWN                 
1 81311U 90105    22227.16848675  .00000178  00000+0  50319-4 0  9996
2 81311  98.7810 206.1664 0137273 223.0680 198.8516 14.53350355462844
UNKNOWN                 
1 81317U 80089    22224.61162508  .00000155  00000+0  36809-3 0  9995
2 81317  67.1396 336.7779 0214474 166.0736 212.9790 13.37215380425720
UNKNOWN                 
1 81323U          22224.82894430  .00002866  00000+0  57648-3 0  9991
2 81323  65.7765  72.0139 0500766 228.7985 126.8897 14.05737785940047
UNKNOWN                 
1 81329U          22224.41756205  .00002281  00000+0  83510-3 0  9997
2 81329  65.8223  15.7072 0879322 218.9850 171.3803 13.13462729455596
UNKNOWN                 
1 81341U          22225.19229033  .00000772  00000+0  20436-2 0  9991
2 81341  99.4733 314.2395 0440780  16.5644 344.9349 12.88900633366102
UNKNOWN                 
1 81342U          22224.09331981  .00001236  00000+0  71630-3 0  9995
2 81342  70.9001 355.1898 0160662  31.1246 329.9265 14.04484854445847
UNKNOWN                 
1 81343U          22226.68743444  .00001273  00000+0  14160-3 0  9990
2 81343  85.8786 118.6849 0008621 281.3801  78.6454 14.86256014272811
UNKNOWN                 
1 81357U          22226.39502247  .00006488  00000+0  56868-3 0  9991
2 81357  97.4751 104.2928 0185872 152.2578 208.8705 14.84566666354358
UNKNOWN                 
1 81359U          22226.99808775  .00000474  00000+0  54246-3 0  9991
2 81359  66.7996  73.1949 0112165  72.2594 289.0681 13.75561554438088
UNKNOWN                 
1 81366U          22223.29992819  .00000175  00000+0  92059-4 0  9995
2 81366  65.8842  64.2523 0750501 305.7610  47.5849 13.39407209902568
UNKNOWN                 
1 81371U          22225.21080495  .00001052  00000+0  22604-3 0  9996
2 81371  98.8922 214.2588 0087471 151.9580 208.6370 14.58600097463735
UNKNOWN                 
1 81374U          22225.92474204  .00003443  00000+0  11423-2 0  9994
2 81374  65.7309  55.7243 0031945  77.1406 283.3254 14.38769857408465
UNKNOWN                 
1 81380U          22226.58662702  .00004731  00000+0  14311-2 0  9996
2 81380  99.8502 154.2303 0006251  14.0432 346.0926 14.42910746442739
UNKNOWN                 
1 81386U          22226.22194784  .00001720  00000+0  80475-3 0  9993
2 81386  71.0555  70.3281 0118801 179.6531 180.4698 14.17973410450858
UNKNOWN                 
1 81390U          22225.15730573  .00000255  00000+0  23096-2 0  9998
2 81390 103.1125  15.8947 0179778 112.3420 249.6797 12.34748437349746
UNKNOWN                 
1 81391U          22224.92220545  .00001235  00000+0  53529-3 0  9990
2 81391  81.2045  91.0547 0014646  35.8966 324.3194 14.23677109407342
UNKNOWN                 
1 81392U          22226.57534147  .00001382  00000+0  16378-2 0  9993
2 81392 100.4009  88.9783 0040576 229.6204 159.5139 13.69408448435056
UNKNOWN                 
1 81402U          22226.36560088  .00004543  00000+0  17402-2 0  9996
2 81402  98.7115 254.3829 0008697  83.9351 276.2822 14.31058235271742
UNKNOWN                 
1 81405U          22222.26403325  .00000843  00000+0  72624-3 0  9991
2 81405  99.5570 234.7699 0166819 225.4078 133.3362 13.83465353392730
UNKNOWN                 
1 81406U          22222.11813522  .00000792  00000+0  37497-3 0  9992
2 81406  65.8161   4.3777 0883377 139.2343 227.8338 13.05392034892841
UNKNOWN                 
1 81409U 87068    22227.19643655  .00003790  00000+0  13158-2 0  9993
2 81409  82.6653 145.5706 0055353 171.1123 189.1060 14.34498704454562
UNKNOWN                 
1 81418U          22226.34671375  .00000881  00000+0  18064-2 0  9999
2 81418 100.3008   8.6852 0054639 314.8942  44.7753 13.35624364236584
UNKNOWN                 
1 81425U          22225.18441176  .00001504  00000+0  18120-2 0  9998
2 81425  99.4490 311.1651 0076302  10.4297 349.8410 13.67068406275213
UNKNOWN                 
1 81427U          22225.18250255  .00000194  00000+0  14589-3 0  9996
2 81427  98.8550 126.1997 0086545 211.0286 148.5752 14.03642705380771
UNKNOWN                 
1 81438U          22225.92900332  .00001448  00000+0  24580-2 0  9992
2 81438 100.3065  40.4864 0055556 152.3801 208.0299 13.46548102427718
UNKNOWN                 
1 81439U          22226.57739603  .00000718  00000+0  21147-2 0  9991
2 81439  67.1636 330.9382 0611907 232.6017 121.7787 12.61525524108431
UNKNOWN                 
1 81449U 85042    22227.55361967  .00002626  00000+0  88930-3 0  9998
2 81449  66.8068  61.0366 0047357 344.4280  15.5363 14.37670297456481
UNKNOWN                 
1 81478U          22226.62852595  .00001273  00000+0  58833-3 0  9996
2 81478  99.0437 101.0282 0168549 241.2123 176.0642 14.15544501450223
UNKNOWN                 
1 81488U 75052    22225.47065914  .00000144  00000+0  27245-3 0  9998
2 81488 100.1311  55.8535 0045263 131.9679 261.1559 13.55587567431655
UNKNOWN                 
1 81497U          22226.61804890  .00002175  00000+0  25735-2 0  9997
2 81497 100.3123   4.8638 0032258 221.0408 153.5307 13.68804003 49041
UNKNOWN                 
1 81499U          22227.22690618  .00000817  00000+0  28429-3 0  9993
2 81499  74.0546 310.3094 0004124 307.4273  52.6505 14.37008374307275
UNKNOWN                 
1 81509U          22227.00158714  .00025290  00000+0  36840-2 0  9994
2 81509  98.7050  57.0631 0018785  11.2874 348.8751 14.75700675287979
UNKNOWN                 
1 81521U          22227.43737479  .00005743  00000+0  10017-2 0  9995
2 81521  99.6853  73.6960 0011937 144.8074 333.4203 14.68441676463344
UNKNOWN                 
1 81535U          22227.45390399  .00000234  00000+0  11993-3 0  9993
2 81535  98.1167  42.2464 0252046  51.7450 310.6113 14.07867825216089
UNKNOWN                 
1 81536U 73086    22226.47585781  .00000234  00000+0  17411-2 0  9990
2 81536 102.0536  54.0588 0031170  67.8489 321.1922 12.54156435399249
UNKNOWN                 
1 81537U 93016    22224.93029450  .00000217  00000+0  15656-3 0  9992
2 81537  71.0396 105.6552 0078790 187.1665 172.8334 14.05753426449249
UNKNOWN                 
1 81546U          22223.28691599  .00011421  00000+0  10405-2 0  9994
2 81546  66.8057  61.4893 0025797 256.2054 103.6207 14.95174089948180
UNKNOWN                 
1 81552U          22226.17703891 -.00000398  00000+0 -80077-3 0  9997
2 81552  99.0802 309.1561 0266669  51.8628 310.6204 13.15937042419129
UNKNOWN                 
1 81564U          22216.13022032  .00002711  00000+0  11243-2 0  9993
2 81564  81.1856 145.1489 0036346 338.5813  21.3843 14.25968472390876
UNKNOWN                 
1 81569U          22227.33479369  .00000552  00000+0  27681-2 0  9995
2 81569  28.0775 307.9250 0313655 260.2186  96.2776 12.46212800401091
UNKNOWN                 
1 81579U          22226.80716257  .00006308  00000+0  37169-2 0  9994
2 81579 100.0319 229.0742 0210967 213.4208 145.3488 13.97818672 30005
UNKNOWN                 
1 81599U          22225.44167762  .00000126  00000+0  33676-3 0  9998
2 81599  67.2987  29.0388 0262111 237.7690 150.3308 13.29340236423169
UNKNOWN                 
1 81614U 76077    22227.53642023  .00002959  00000+0  21881-1 0  9992
2 81614 101.9050 261.4404 0399215 209.0149 148.8175 12.22076684388688
UNKNOWN                 
1 81615U 92021    22227.37033915  .00000395  00000+0  17156-3 0  9990
2 81615  65.8320 350.3677 0825236 333.2401  22.8193 13.23847806421408
UNKNOWN                 
1 81617U 73086    22227.51051596  .00000103  00000+0  87581-3 0  9999
2 81617 101.3058  79.7217 0039014 111.8702 248.6529 12.56317214400432
UNKNOWN                 
1 81624U          22225.43075728  .00001003  00000+0  25558-3 0  9991
2 81624  66.9866 232.0889 0090252 163.0358 197.3807 14.52468094461986
UNKNOWN                 
1 81626U          22227.25071355  .00030531  00000+0  44172-2 0  9997
2 81626  71.0013  75.7538 0020894  76.3273 284.0206 14.75865238450430
UNKNOWN                 
1 81640U          22226.02922224  .00000109  00000+0  15008-3 0  9992
2 81640  65.8246  95.9308 0996734 210.8825 142.9739 12.55571712357231
UNKNOWN                 
1 81652U 76077    22226.91739322  .00000477  00000+0  63182-3 0  9999
2 81652 102.1697 209.0802 0377632 190.4429 199.0807 13.41647591415452
UNKNOWN                 
1 81661U          22226.70884388  .00005248  00000+0  13649-2 0  9995
2 81661  98.4248 144.8956 0066696 321.5188  38.1259 14.48726854358325
UNKNOWN                 
1 81667U          22226.46577882  .00000868  00000+0  29443-3 0  9995
2 81667  74.0444 131.9883 0017264   9.9904 350.1590 14.38115694281272
UNKNOWN                 
1 81674U          22227.22747778  .00000472  00000+0  33784-3 0  9995
2 81674  66.8243 172.8634 0025141   8.5314  60.5847 14.05523741442655
UNKNOWN                 
1 81678U          22224.87760683  .00008309  00000+0  10368-2 0  9996
2 81678  65.8308  81.7830 0050779 327.7548  44.9534 14.81982633467183
UNKNOWN                 
1 81683U          22226.68266160  .00001098  00000+0  31146-3 0  9990
2 81683  81.2227 122.5564 0032114  16.6823 343.5415 14.44619289459610
UNKNOWN                 
1 81693U 73086    22225.95996491  .00000447  00000+0  36025-2 0  9998
2 81693 101.0799  48.1988 0370477 213.9119 143.7743 12.23420980818825
UNKNOWN                 
1 81696U          22227.55932641  .00011933  00000+0  10666-2 0  9997
2 81696  97.4511 138.6457 0201566 339.0674  20.2371 14.81719254332134
UNKNOWN                 
1 81732U          22227.40996632  .00016924  00000+0  17384-2 0  9991
2 81732  65.7355  19.9727 0238643 143.9500 217.7975 14.71668304464188
UNKNOWN                 
1 81745U          22226.21328623  .00001002  00000+0  39975-3 0  9994
2 81745  71.0039 147.3693 0008508 305.1693 206.5171 14.30943718455217
UNKNOWN                 
1 81749U          22227.48184355  .00000031  00000+0  23218-3 0  9994
2 81749  99.6750  53.1488 0370365 347.3643  38.1458 12.77018425406859
UNKNOWN                 
1 81775U          22227.18139324  .00001660  00000+0  75267-3 0  9996
2 81775  82.9281 132.6253 0026497   1.7222 358.4046 14.21225171451628
UNKNOWN                 
1 81779U          22227.05203992  .00004259  00000+0  19874+0 0  9994
2 81779  54.2215 203.0813 1716311  76.5688 301.9868  9.24135150367494
UNKNOWN                 
1 81792U          22226.60211697  .00000140  00000+0  88064-4 0  9997
2 81792  65.8274 292.5763 0905684 101.4658 268.9369 13.04661397416141
UNKNOWN                 
1 81794U          22226.47786290  .00020346  00000+0  22832-2 0  9999
2 81794  81.1832 298.3156 0002016 207.7953 152.3152 14.86686133468441
UNKNOWN                 
1 81798U          22226.08774108  .00007920  00000+0  16535-2 0  9991
2 81798  74.0139 260.9831 0046537 281.8567  77.7381 14.59350565409863
UNKNOWN                 
1 81812U          22227.30009493 -.00001638  00000+0 -11036-1 0  9994
2 81812 103.7161 357.1023 0354955 137.9429 224.9452 12.29486944390759
UNKNOWN                 
1 81813U          22226.42190179  .00001490  00000+0  43814-3 0  9994
2 81813  99.0768  78.8774 0018286 139.0090 221.2477 14.45242219459311
UNKNOWN                 
1 81816U 77121    22226.96809619  .00000305  00000+0  29604-3 0  9995
2 81816  66.2383  73.1264 0196151 234.6888 123.5705 13.84354807440777
UNKNOWN                 
1 81817U          22226.81114915  .00007485  00000+0  72296-3 0  9991
2 81817  65.7270 342.5215 0305321 284.3145  72.4244 14.64349169466610
UNKNOWN                 
1 81818U          22223.56128688  .00001680  00000+0  40048-3 0  9994
2 81818  65.7535 278.3189 0657022 118.7765 248.0907 13.71868357480083
UNKNOWN                 
1 81819U          22225.11941856  .00000280  00000+0  22770-2 0  9994
2 81819 102.2207 290.5656 0034352 224.6705 135.1592 12.45478779396298
UNKNOWN                 
1 81821U          22224.99805736  .00056308 -90053-6  67417-3 0  9993
2 81821  34.0558 196.6866 2031813 302.5942  39.4272 11.48778656428107
UNKNOWN                 
1 81824U          22226.77199598  .00001914  00000+0  94487-3 0  9991
2 81824  65.8506   6.1044 0059518 272.5915  86.8358 14.18849851451219
UNKNOWN                 
1 81833U          22224.77413556  .00000195  00000+0  68747-3 0  9992
2 81833  90.2691 335.3342 0024439 332.4858  27.4965 12.93087701295074
UNKNOWN                 
1 81838U          22227.21888045  .00001579  00000+0  53882-3 0  9999
2 81838  67.7673 148.9338 0031771 100.6161  48.6748 14.38471392457573
UNKNOWN                 
1 81844U          22226.83845111  .00001370  00000+0  66926-3 0  9992
2 81844  82.9274 182.1901 0075980 225.5933 133.9010 14.15900457449931
UNKNOWN                 
1 81845U          22226.85067309  .00000676  00000+0  98143-4 0  9995
2 81845  97.7746  85.7748 0102551 309.7955 110.9147 14.75773796469704
UNKNOWN                 
1 81864U          22222.15106849  .00001313  00000+0  54498-3 0  9991
2 81864  65.6750  24.0746 0791443 180.0122 180.1039 13.26345426388628
UNKNOWN                 
1 81865U 87062    22226.51729580  .00000655  00000+0  57644-3 0  9996
2 81865  82.8047 243.0658 0069427 204.4344 309.5463 13.82930474440162
UNKNOWN                 
1 81872U          22227.03315558  .00116190  00000+0  71836-2 0  9995
2 81872  62.0043 231.7257 1734115 341.7408  12.8018 11.87232134202689
UNKNOWN                 
1 81873U          22226.39941247  .00001558  00000+0  88601-3 0  9994
2 81873  99.0901 270.4376 0070097 276.6129  82.7066 14.10188952397481
UNKNOWN                 
1 81877U          22199.50839911  .00000208  00000+0  37161-3 0  9990
2 81877  65.9318 114.7281 0071275 320.9448  38.6473 13.60574423958784
UNKNOWN                 
1 81893U 70025    22227.19857732  .00000870  00000+0  99754-3 0  9991
2 81893  99.9561 139.5633 0017020 155.4534 204.7426 13.72766688437088
UNKNOWN                 
1 81899U          22226.08581377  .00000176  00000+0  56877-3 0  9997
2 81899 102.4305  96.4797 0178167 256.6219 101.4969 13.16517750418677
UNKNOWN                 
1 81902U          22226.76004654  .00006364  00000+0  81107-3 0  9994
2 81902  81.6285  20.5838 0268416  52.4138 310.1107 14.59128947460595
UNKNOWN                 
1 81905U          22227.45255255  .00379462  19953-4  10695-1 0  9995
2 81905  61.7015 345.2981 1085885 170.4498 191.9141 13.38843181522831
UNKNOWN                 
1 81921U          22224.84707050  .00001034  00000+0  42998-3 0  9996
2 81921  65.7077 280.8449 0893666 271.0505  78.8396 13.07738558868873
UNKNOWN                 
1 81946U 87079    22226.54504863  .00000184  00000+0  77301-3 0  9991
2 81946  66.4241 330.2876 0678571 219.6371 150.7016 12.42003404396812
UNKNOWN                 
1 81947U          22227.48574684  .00001847  00000+0  22523-3 0  9996
2 81947  66.0800 262.6291 0452812 159.0122 203.0242 14.33136215455805
UNKNOWN                 
1 81964U          22226.86374949  .00000080  00000+0  11841-3 0  9997
2 81964  66.5857  35.0523 0036830 181.5243 178.5730 13.94568272444436
UNKNOWN                 
1 81969U          22226.50957732  .00001699  00000+0  18758-3 0  9991
2 81969  86.6704 312.1977 0009667 203.5059 156.5726 14.86804499258301
UNKNOWN                 
1 81995U          22221.85264434  .00005605  00000+0  12839-2 0  9997
2 81995  65.7563  20.3156 0592623 180.6233 179.4171 13.83527259434223
UNKNOWN                 
1 82039U          22227.08411798  .00005595  00000+0  12090-2 0  9992
2 82039  99.0704 268.0938 0042315 163.3458 196.9139 14.58196546379819
UNKNOWN                 
1 82043U          22227.12758736  .00000853  00000+0  27931-3 0  9991
2 82043  97.9655 113.0082 0260926 109.5161 253.4399 14.23043646400465
UNKNOWN                 
1 82044U          22213.14547757  .00000469  00000+0  53749-3 0  9997
2 82044  99.9296 281.9763 0065496 208.7816 150.9712 13.74519226392821
UNKNOWN                 
1 82051U          22224.90983726  .00001825  00000+0  83315-3 0  9990
2 82051  98.8214 291.3175 0117272 197.4596 162.2532 14.19199833398817
UNKNOWN                 
1 82073U          22227.34640152  .00000649  00000+0  20832-3 0  9996
2 82073  97.6901  57.1095 0241259   1.9530 358.2539 14.27087575401121
UNKNOWN                 
1 82112U          22225.24503856  .00003693  00000+0  97170-3 0  9997
2 82112  98.6533 331.2996 0097330  51.8076 309.1832 14.46892787405283
UNKNOWN                 
1 82134U          22213.60685700  .00728915  00000+0  12407+0 0  9994
2 82134  65.3897  64.6116 2225455 144.5966 232.5472 10.67200928 18449
UNKNOWN                 
1 82139U          22226.33279321  .00001285  00000+0  76842-3 0  9992
2 82139  99.1164 267.0207 0092757 216.9023 142.5739 14.06884409308615
UNKNOWN                 
1 82162U          22226.30898590  .00001252  00000+0  22493-2 0  9996
2 82162 100.3704  82.4946 0053179 288.9891  70.5480 13.43329357340437
UNKNOWN                 
1 82168U          22223.73798991  .00016595  00000+0  20156-2 0  9990
2 82168  74.0043  27.8457 0013588  62.7532 297.5029 14.83451013309330
UNKNOWN                 
1 82180U          22226.75265425  .00004405  00000+0  99215-3 0  9990
2 82180  65.6638 355.9937 0457344 105.2377 259.9732 14.08389305428280
UNKNOWN                 
1 82187U          22224.72519071  .00013548  00000+0  21725-2 0  9999
2 82187  70.9405  24.2431 0058058 225.5404 134.0992 14.70652704464331
UNKNOWN                 
1 82189U          22226.06613821  .00000149  00000+0  62859-4 0  9996
2 82189  74.0348 116.3132 0017745 244.0237 115.9087 14.33770057457968
UNKNOWN                 
1 82199U          22227.02246175  .00000301  00000+0  25712-3 0  9994
2 82199  82.9648  66.2169 0036326 245.6538 266.0745 13.83775941441446
UNKNOWN                 
1 82205U          22227.09896996  .00002633  00000+0  60970-3 0  9996
2 82205  63.0002  65.9427 0608608 172.9193 188.0961 13.81418954439332
UNKNOWN                 
1 82223U          22223.94695713  .00001448  00000+0  92575-3 0  9999
2 82223  99.4010  49.9324 0076156 115.9160 244.9880 14.03760745277346
UNKNOWN                 
1 82227U          22225.43865226 -.00000029  00000+0  11430-3 0  9993
2 82227 101.8802 195.8661 0000850  93.6246  59.5805 12.41993148490032
UNKNOWN                 
1 82250U          22226.69000833  .00001304  00000+0  86041-3 0  9999
2 82250  98.9427 131.4890 0085994 359.8486  28.9404 14.01678715445620
UNKNOWN                 
1 82268U          22198.30828167  .00003088  00000+0  15761-2 0  9993
2 82268  99.1318 302.8990 0053099 255.9852 155.6349 14.15714546559260
UNKNOWN                 
1 82272U          22225.44063996  .00000118  00000+0  51310-3 0  9997
2 82272  67.5213 242.7589 0759512 165.2333 197.2264 12.32243872121881
UNKNOWN                 
1 82284U          22227.46165068  .00003382  00000+0  12670-2 0  9998
2 82284  99.5705  45.4352 0102004 340.1046  19.6168 14.29633126497377
UNKNOWN                 
1 82285U          22226.92461096  .00002309  00000+0  23025-2 0  9993
2 82285 101.9932  33.9359 0346213  93.0961 270.9835 13.55911464430135
UNKNOWN                 
1 82295U          22226.62658755  .00000348  00000+0  16563-3 0  9992
2 82295  66.6224  92.5275 0131089 356.0040   3.9995 14.26140207406028
UNKNOWN                 
1 82298U          22215.03543897  .00001961  00000+0  10042-2 0  9995
2 82298  99.0601 309.1858 0063617 214.3878 145.3170 14.15666807391486
UNKNOWN                 
1 82303U          22227.10274378  .00005190  00000+0  10885-1 0  9990
2 82303  81.9706 272.2979 0065823 128.7545 262.8888 13.30415758350077
UNKNOWN                 
1 82311U          22227.21269026  .00000381  00000+0  61522-3 0  9998
2 82311  99.5096 317.2857 0113776 125.3362 235.8473 13.52248390385909
UNKNOWN                 
1 82314U          22225.40725293  .00021464  00000+0  73970-3 0  9998
2 82314  99.2313  24.4434 0162673 235.5637 123.0127 15.18297462358315
UNKNOWN                 
1 82320U          22225.40125004  .00001678  00000+0  59980-3 0  9999
2 82320  99.8258 288.8677 0160704 122.1402 239.5483 14.28737720454103
UNKNOWN                 
1 82322U          22225.16852656  .00004335  00000+0  10000-2 0  9996
2 82322  98.5658 302.3250 0074322 213.8498 145.7942 14.54123155387548
UNKNOWN                 
1 82363U          22227.14335182  .00000077  00000+0  21756-3 0  9991
2 82363  66.9347 273.1039 0468552 221.1417 135.3408 13.13998642130466
UNKNOWN                 
1 82369U 99025    22226.36078029  .00000211  00000+0  17608-3 0  9990
2 82369  99.0059 256.8637 0085550  92.2574 268.8388 13.97124065387268
UNKNOWN                 
1 82381U          22227.50418424  .00002560  00000+0  81358-3 0  9995
2 82381  98.4803  63.2629 0015575 281.4075  78.5363 14.40707184334035
UNKNOWN                 
1 82383U          22226.43225236  .00012598  00000+0  14945-2 0  9994
2 82383  98.2699 286.7453 0005383 202.8312 157.2663 14.84634114366608
UNKNOWN                 
1 82402U          22226.66544644  .00001356  00000+0  15088-3 0  9998
2 82402  86.6706 312.3635 0009712 204.7377 155.3383 14.86324896272979
UNKNOWN                 
1 82410U          22222.75061978  .00000079  00000+0  15543-3 0  9994
2 82410  66.6588  24.4794 0056981 123.4991 237.1542 13.76184401418804
UNKNOWN                 
1 82428U          22227.41881224  .00009117  00000+0  73338-2 0  9992
2 82428  63.1686 305.3536 0077717  58.9931 301.8719 13.89555348251597
UNKNOWN                 
1 82432U 93036    22227.14274193  .00000557  00000+0  14466-3 0  9996
2 82432  74.0100 123.4173 0064334 223.6139 135.9928 14.50982555306189
UNKNOWN                 
1 82448U          22227.12473468  .00001254  00000+0  13931-3 0  9997
2 82448  85.8783 118.4117 0008579 279.3576  80.6677 14.86281269255607
UNKNOWN                 
1 82451U          22223.30347031  .00024966  00000+0  22598-2 0  9996
2 82451  66.5320 190.2547 0253487 307.7564  50.0828 14.73942036953215
UNKNOWN                 
1 82453U          22225.83361181 -.00000016  00000+0  21824-3 0  9993
2 82453 101.9971 175.8957 0093914 300.0925  59.0853 12.39550343395270
UNKNOWN                 
1 82458U          22226.33222311  .00001858  00000+0  10743-2 0  9996
2 82458  66.5116  75.9534 0058954 111.7885 248.9489 14.10337323437835
UNKNOWN                 
1 82464U          22227.41177146  .00003249  00000+0  90930-3 0  9991
2 82464  70.9980 241.8665 0080025 209.2715 218.9969 14.45004512458100
UNKNOWN                 
1 82475U          22221.35264916  .00000846  00000+0  52299-3 0  9998
2 82475  99.1191 263.5587 0103972 264.1598  94.7709 14.05536273374243
UNKNOWN                 
1 82484U          22226.42780563  .00000012  00000+0  78075-4 0  9998
2 82484  99.5064 286.4757 0044797  31.7818 328.6010 13.55163278425854
UNKNOWN                 
1 82494U 93036    22226.35495371  .00001700  00000+0  43697-3 0  9998
2 82494  74.0204 200.6469 0014091 266.2109  93.7441 14.50928491305665
UNKNOWN                 
1 82500U          22225.18755866  .00001608  00000+0  93590-3 0  9997
2 82500  70.9732  28.8000 0141782 146.3490 214.6732 14.05142577447201
UNKNOWN                 
1 82517U          22227.03847861  .00006662  00000+0  18071-2 0  9993
2 82517  86.3869 241.2712 0015072 300.7982  59.1737 14.47453284247511
UNKNOWN                 
1 82524U          22225.94811406  .00001918  00000+0  85274-3 0  9994
2 82524  73.2915 313.3087 0174119 130.5783 347.0723 14.15929093403832
UNKNOWN                 
1 82526U          22225.08305150  .00001451  00000+0  93617-3 0  9997
2 82526  99.2241 273.1033 0104818  89.4468 271.8707 14.01937766350804
UNKNOWN                 
1 82529U          22225.78906031  .00000272  00000+0  49718-3 0  9995
2 82529  99.7924 333.0434 0245933 322.1666 191.5271 13.38857352426766
UNKNOWN                 
1 82545U          22224.58930653 -.00000038  00000+0  12578-3 0  9992
2 82545  64.8860 346.6228 0174011 169.0680 191.4103 11.30783394301173
UNKNOWN                 
1 82560U          22226.03920333  .00000620  00000+0  58353-3 0  9992
2 82560 100.0382  67.4155 0008896 266.9820 252.2044 13.85912320443070
UNKNOWN                 
1 82561U          22227.23346247  .00002437  00000+0  71335-3 0  9995
2 82561  63.1131  94.9975 0509645   9.7691  84.8470 13.90230252442056
UNKNOWN                 
1 82576U          22226.55061542  .00001087  00000+0  71501-3 0  9992
2 82576  99.2427 262.1135 0122901 119.2500 242.1017 14.00418358 63534
UNKNOWN                 
1 82597U          22226.33613468  .00000666  00000+0  28172-3 0  9999
2 82597  66.7727  90.8126 0098857 134.7843 226.1350 14.28860293454826
UNKNOWN                 
1 82616U          22226.43719850  .00013146  00000+0  13660-2 0  9996
2 82616  97.2904 293.3418 0081325 358.0461   2.0427 14.87562261385544
UNKNOWN                 
1 82617U          22226.06192613  .00000288  00000+0  86938-4 0  9991
2 82617  74.0301   1.4702 0041410 245.9086 113.7738 14.46496690460749
UNKNOWN                 
1 82627U          22223.80541762  .00000628  00000+0  16733-2 0  9996
2 82627  82.4773  36.0001 0011052 247.9348 177.3238 13.13993934418610
UNKNOWN                 
1 82642U          22225.18214027  .00001553  00000+0  99337-3 0  9997
2 82642  99.0013 134.3179 0144608  22.3170 338.4202 13.99886544445385
UNKNOWN                 
1 82683U 99057    22227.21124342  .00000381  00000+0  17386-3 0  9990
2 82683  98.1322  16.3176 0226148 336.2685  22.8187 14.14070325290134
UNKNOWN                 
1 82693U          22222.28985777  .00001310  00000+0  17827-2 0  9992
2 82693 100.5369  67.8022 0042978 156.1296 204.1846 13.61021908387272
UNKNOWN                 
1 82698U          22225.16540570  .00000417  00000+0  30755-3 0  9998
2 82698  61.6101 150.4136 0721922 206.3332 149.9229 13.22040736376989
UNKNOWN                 
1 82708U          22226.65304569  .00000514  00000+0  22221-2 0  9997
2 82708 102.1482 301.5121 0065261 214.8920 144.7883 12.87469987366847
UNKNOWN                 
1 82729U          22227.24975839  .00001073  00000+0  37582-2 0  9997
2 82729  67.9550  84.7186 0834925 121.9732 246.5204 12.16305312387300
UNKNOWN                 
1 82737U          22226.39998932  .00007496  00000+0  95315-2 0  9993
2 82737 102.8248  32.3470 0307493 297.4065  59.6085 13.45796109381147
UNKNOWN                 
1 82739U          22227.01719066  .00000618  00000+0  59410-3 0  9990
2 82739  99.0325  60.8341 0181912 296.4779 219.1906 13.76918166438480
UNKNOWN                 
1 82741U          22227.42997102  .00001078  00000+0  13777-2 0  9993
2 82741 102.8689 227.0843 0213573  86.7698 275.7837 13.57489572431704
UNKNOWN                 
1 82742U          22223.51272756  .00003453  00000+0  14462-2 0  9992
2 82742  99.5711 321.0176 0054039 278.5133  80.9922 14.25989187369256
UNKNOWN                 
1 82755U          22227.40839524  .00017395  00000+0  23042-2 0  9994
2 82755  99.8058  28.7184 0001459  31.4547 328.6746 14.79981140465668
UNKNOWN                 
1 82783U          22226.83528333  .00001204  00000+0  35884-2 0  9993
2 82783  90.3115   1.7987 0024604 142.0858 218.2006 13.07089295345404
UNKNOWN                 
1 82785U          22226.80596467  .00005011  00000+0  71453-3 0  9998
2 82785  63.1222 306.1045 0392356  51.5203 312.0382 14.36705659455370
UNKNOWN                 
1 82798U          22225.89239792  .00000951  00000+0  48240-3 0  9991
2 82798  82.9504  79.7647 0032257 219.0954 202.3233 14.14840009139866
UNKNOWN                 
1 82820U          22226.21996043  .00001077  00000+0  50072-3 0  9999
2 82820  99.8096 227.1642 0058222 204.6025 155.2369 14.22212670452071
UNKNOWN                 
1 82829U          22227.43202869  .00000004  00000+0  12621-2 0  9995
2 82829  65.0981 209.2886 0181846 243.9475 278.5868 11.28932672348872
UNKNOWN                 
1 82854U          22226.52189026  .00000920  00000+0  78495-3 0  9990
2 82854  82.6905 293.0427 0138426 111.7287 249.8673 13.81816846911867
UNKNOWN                 
1 82873U          22226.67543120  .00001149  00000+0  65067-3 0  9991
2 82873  99.9946 312.4506 0045730  31.5488 328.8408 14.11984791448920
UNKNOWN                 
1 82875U          22225.29049504  .00000276  00000+0  87667-4 0  9998
2 82875  98.6059 232.7482 0393003 168.4105 192.6449 14.11108717372547
UNKNOWN                 
1 82893U          22226.52242516  .00002156  00000+0  12626-2 0  9993
2 82893  98.9732 313.5415 0032807 269.1499  90.5911 14.09070805251571
UNKNOWN                 
1 82912U          22226.54170038  .00002260  00000+0  10801-2 0  9995
2 82912  65.8414  66.5293 0811241 101.9087 267.3995 13.15967847418652
UNKNOWN                 
1 82915U          22219.40554766  .00015544  00000+0  20468-2 0  9998
2 82915  74.0155 105.9375 0023617  96.2508 264.1359 14.79953187302535
UNKNOWN                 
1 82959U          22227.44636921  .00000779  00000+0  46546-3 0  9993
2 82959 100.1097 229.4331 0051849 327.5203  32.2776 14.10180263372304
UNKNOWN                 
1 82961U          22226.58650748  .00000678  00000+0  15544-2 0  9994
2 82961  99.8135  96.0521 0482140 277.5134  77.1464 12.93363518396888
UNKNOWN                 
1 82965U 70025    22227.52825360  .00000615  00000+0  94299-3 0  9997
2 82965 100.2102 250.9474 0001016  42.9450 317.1765 13.56269165359507
UNKNOWN                 
1 82991U          22219.21655650  .00010056  00000+0  14926-2 0  9990
2 82991  86.3104 134.3288 0038108 327.1454  32.7395 14.74452905305512
UNKNOWN                 
1 83903U          22225.59216147 -.00000394  00000+0  00000+0 0  9996
2 83903   9.1388 302.7572 0132061 214.0030 154.5903  0.99115937 31604
UNKNOWN                 
1 83934U          22224.97539240 -.00000019  00000+0  00000+0 0  9997
2 83934   8.4988 308.0491 0232151 233.9248 142.3003  1.02660483 32789
UNKNOWN                 
1 83952U          22223.67215180  .00000010  00000+0  10533-2 0  9992
2 83952  20.7143 103.0036 7146844 207.8137  81.2473  2.32167520 55734
UNKNOWN                 
1 83970U          22227.00360192  .00000994  00000+0  54057-3 0  9998
2 83970  18.2613 138.9249 5212631 154.9039 243.7673  5.17014766132349
UNKNOWN                 
1 83975U          22226.66559219 -.00000102  00000+0  00000+0 0  9991
2 83975  19.3677  77.6028 7033112   8.1128 359.1501  2.15335531 56153
UNKNOWN                 
1 84006U          22224.05079621 -.00000071  00000+0  00000+0 0  9997
2 84006  23.7097  51.1322 6132289  12.0819 357.7785  2.16231372 57869
UNKNOWN                 
1 84026U          22227.32449089  .00109341  00000+0  16879-1 0  9993
2 84026  21.8493 331.8717 6047090 176.4730 191.5031  3.98407478 80966
UNKNOWN                 
1 84071U          22222.08310296  .00020955  00000+0  60777-2 0  9998
2 84071  20.4739 243.0162 6983457 249.1893  27.1613  2.65729605 71351
UNKNOWN                 
1 84079U          22226.93890325  .00004207  00000+0  52935-2 0  9999
2 84079  62.7623  67.3843 3971093 180.1680 179.7831  7.08096198218345
UNKNOWN                 
1 84136U          22225.94581081  .00085257  00000+0  44332-2 0  9995
2 84136  51.3777  82.2007 1507563 255.8361  87.0922 12.37660580373942
UNKNOWN                 
1 84170U 12008    22225.97098987  .00008158  00000+0  24616-2 0  9993
2 84170  20.7148 184.9138 6967761 255.9859  23.4727  2.67591286 61124
UNKNOWN                 
1 84188U          22227.35690527  .00007315  00000+0  12608-1 0  9994
2 84188  65.0368 312.8195 4776157 116.2220 300.0255  5.71878623165968
UNKNOWN                 
1 84232U 79104    22227.21126699  .00017207  00000+0  20432-1 0  9999
2 84232  20.2618 196.8749 6865655 343.4435   2.1059  2.75447348 68589
UNKNOWN                 
1 84292U          22227.46891602  .00010371  00000+0  22416-2 0  9994
2 84292  23.9269   5.2958 4808220 260.1306  44.4365  5.91414835154005
UNKNOWN                 
1 84346U          22227.11522194  .00012904  00000+0  27300-2 0  9994
2 84346  20.8548 107.0418 6874322  41.6116 354.0146  2.81021863 51466
UNKNOWN                 
1 84406U          22226.61249258  .00000451  00000+0  26615-2 0  9994
2 84406 101.6746 343.8130 0040134 277.1511  93.2148 12.65266237895387
UNKNOWN                 
1 84407U          22227.38380290 -.00000327  00000+0 -56236-2 0  9998
2 84407  19.6033 327.9106 7226960 116.0878 332.3115  2.05774869 50841
UNKNOWN                 
1 84415U          22227.41571947  .00112906  00000+0  60749-2 0  9991
2 84415  23.7317 296.2561 4296351 215.8869 105.7851  6.91574429 24388
UNKNOWN                 
1 84434U          22226.86034776  .00000240  00000+0  16874-2 0  9991
2 84434  20.4020  76.0947 7138181 271.7464  15.1418  2.35294457 57234
UNKNOWN                 
1 84452U          22227.35508198  .00025677  00000+0  13703-2 0  9999
2 84452   2.9295  18.5508 6203759  96.0080 333.3970  3.79444178107894
UNKNOWN                 
1 84480U          22226.60588683  .00002906  00000+0  14446-2 0  9999
2 84480  45.9400  34.0683 4531804 338.8665   7.1736  6.28939655181485
UNKNOWN                 
1 84565U          22208.12652552  .00000884  00000+0  23629-2 0  9993
2 84565   1.8060 143.5681 7223712 163.5719 244.7522  2.28207522 35351
UNKNOWN                 
1 84575U          22226.56278042  .00000038  00000+0  90594-2 0  9996
2 84575  18.0914 204.6019 7105785 357.5575   0.1008  2.19810750 38706
UNKNOWN                 
1 84588U          22225.30858496  .00000341  00000+0  43418-3 0  9999
2 84588   2.5613 343.7107 6997857  52.4795 352.4615  2.60672784 75594
UNKNOWN                 
1 84597U          22221.33109895  .00000380  00000+0  13595-2 0  9995
2 84597  18.2113 121.1936 7287564 142.5516 302.2244  2.18201286 41829
UNKNOWN                 
1 84840U          22215.62707156 -.00000612  00000+0  00000+0 0  9998
2 84840  16.5818 347.5841 8150653 282.9748   1.1963  0.46178176   511
UNKNOWN                 
1 84911U          22227.48462684  .00002862  00000+0  41260-1 0  9991
2 84911   1.8300 307.0582 6560456 305.4806  64.6088  2.95825975 94568
UNKNOWN                 
1 84932U          22224.82035014 -.00000382  00000+0 -40336-2 0  9993
2 84932   2.1374 172.1508 6533743 200.1414 236.1037  2.98923231 95287
UNKNOWN                 
1 84950U          22226.62452501  .00000173  00000+0  00000+0 0  9994
2 84950   2.7811  24.7274 6960142 243.5535  64.7890  2.04194796 65140
UNKNOWN                 
1 84961U          22227.36953120 -.00000098  00000+0  00000+0 0  9998
2 84961   8.4447 296.1730 0147675 228.4860 130.2815  0.98632461 31468
UNKNOWN                 
1 85004U          22226.21724719  .00000357  00000+0  13477-3 0  9993
2 85004  98.2805 214.6611 0050073 210.1283 213.8921 14.36224861457160
UNKNOWN                 
1 85010U          22222.15729219  .00000545  00000+0  65358-3 0  9993
2 85010  99.3488 103.1254 0024526 204.8256 307.5212 13.71309852436416
UNKNOWN                 
1 85011U          22227.48067956  .00012795  00000+0  44561-2 0  9990
2 85011  70.9764 161.1835 0008998 256.0376 103.9757 14.35457913249670
UNKNOWN                 
1 85015U          22225.21279070  .00000250  00000+0  58320-4 0  9998
2 85015  74.0478 203.2295 0013450  60.5063 299.7442 14.59884974464805
UNKNOWN                 
1 85023U          22227.35562683  .00002062  00000+0  84507-3 0  9997
2 85023  99.8674  36.2029 0001471 225.6894 251.9063 14.28491328453453
UNKNOWN                 
1 85027U          22227.42360967  .00000038  00000+0  11345-3 0  9991
2 85027  66.0406 195.3177 0168885 115.9068 245.9513 13.73406469437674
UNKNOWN                 
1 85047U          22226.21042766  .00002250  00000+0  57000-2 0  9998
2 85047 102.4305 317.5417 0217897 128.6300 233.4529 13.12290442415403
UNKNOWN                 
1 85061U          22227.12719302  .00001855  00000+0  82152-2 0  9998
2 85061 102.4110  87.9872 0332186   8.8736 140.5716 12.65497636401386
UNKNOWN                 
1 85100U          22226.92485161  .00000154  00000+0  58331-4 0  9997
2 85100  74.0475 307.1115 0011525 119.7924 359.3674 14.39001563458363
UNKNOWN                 
1 85106U          22226.92713146  .00000316  00000+0  41057-3 0  9996
2 85106 100.1551 249.9127 0009500 218.3688 260.1580 13.70725410436374
UNKNOWN                 
1 85111U 73086    22225.85840814 -.00000232  00000+0 -12169-2 0  9990
2 85111 101.6538 194.8928 0009773 139.4760 220.7040 12.51026109313705
UNKNOWN                 
1 85117U          22220.61788272  .00032912  00000+0  31838-2 0  9992
2 85117  70.0356 291.2098 0052121 142.8138 217.6646 14.91600311417015
UNKNOWN                 
1 85133U          22227.39944147  .00001627  00000+0  71616-3 0  9995
2 85133  98.8648 290.7604 0029071 209.0183 150.9381 14.24665966357624
UNKNOWN                 
1 85151U 86019    22227.48034911  .00002513  00000+0  80880-3 0  9996
2 85151  98.4870  63.5270 0014074 270.2625  89.6950 14.40112117302870
UNKNOWN                 
1 85159U          22227.51358899  .00003529  00000+0  17494-2 0  9996
2 85159  98.8354 132.0696 0080882 110.1631 250.8266 14.16143792326731
UNKNOWN                 
1 85175U          22224.69722810  .00008414  00000+0  15495-2 0  9995
2 85175 101.3610 215.6340 0127845 170.8809 189.4745 14.60780233446209
UNKNOWN                 
1 85205U          22226.48303670  .00000115  00000+0  10099-3 0  9993
2 85205  82.9577 137.6602 0038191  90.2466  33.3594 13.76490022439023
UNKNOWN                 
1 85210U 75052    22227.12708514  .00000958  00000+0  97774-3 0  9996
2 85210  99.7838 328.1500 0227273 186.8288 297.7051 13.68575072435710
UNKNOWN                 
1 85217U          22227.42891088  .00001467  00000+0  46271-3 0  9998
2 85217  97.9293  41.9451 0238481 170.2321 190.3621 14.26589576454019
UNKNOWN                 
1 85220U          22227.50744236  .00005233  00000+0  13911-2 0  9992
2 85220  99.4118  63.3983 0164431 274.8910  83.3521 14.41344109456405
UNKNOWN                 
1 85237U          22225.31512446  .00001186  00000+0  29638-3 0  9990
2 85237  65.5407 115.5072 0602928 214.6974 141.3348 13.81309907439129
UNKNOWN                 
1 85238U          22227.10513115  .00000007  00000+0  41070-4 0  9990
2 85238  98.9205 183.3331 0062571 253.1085 165.8431 13.87984921442187
UNKNOWN                 
1 85246U          22227.24356147  .00000577  00000+0  23945-3 0  9996
2 85246  98.0873 326.9373 0237053 267.1380  90.2646 14.15972453450740
UNKNOWN                 
1 85266U          22226.17847931  .00002265  00000+0  21899-2 0  9996
2 85266  62.7661 156.0862 3590490 169.2186 201.3325  7.78455184245914
UNKNOWN                 
1 85283U 78098    22227.41801983  .00006088  00000+0  12660-2 0  9995
2 85283  99.6932 299.8392 0029487 196.0305 163.9959 14.60248879364107
UNKNOWN                 
1 85292U          22226.39095769  .00003987  00000+0  96357-3 0  9997
2 85292  65.8292 276.3222 0065269 240.4065 119.0524 14.52938178 10217
UNKNOWN                 
1 85370U          22226.61548653  .00000797  00000+0  76016-3 0  9990
2 85370  99.9703 350.6049 0007570 330.5962  40.7962 13.84087071440629
UNKNOWN                 
1 85373U          22226.12973389  .00001345  00000+0  10856-2 0  9996
2 85373 100.4212  90.7610 0053665 176.5054 335.8764 13.91862953442467
UNKNOWN                 
1 85383U          22224.73775576  .00003220  00000+0  87014-3 0  9995
2 85383  98.6490 320.4167 0103623  73.9948 287.2627 14.45364260409375
UNKNOWN                 
1 85386U          22227.24784240  .00002844  00000+0  70868-3 0  9995
2 85386  98.6444 336.7509 0107966 358.4152  31.2792 14.49023218460230
UNKNOWN                 
1 87014U          22227.14669556  .00000982  00000+0  17737-2 0  9992
2 87014 100.5231 113.3063 0051265 285.0466 231.4566 13.43723235427206
UNKNOWN                 
1 87029U 99025    22226.10190389  .00000629  00000+0  43893-3 0  9992
2 87029  98.8957 284.2075 0082768  44.8553 315.9263 14.00536055422480
UNKNOWN                 
1 87042U 00055    22219.45260778  .00000343  00000+0  24224-3 0  9992
2 87042  98.8554 284.4634 0043442 287.8004  71.8426 14.03997488382137
UNKNOWN                 
1 87051U 76126    22225.34755661  .00000882  00000+0  32999-3 0  9995
2 87051  65.7284 254.1493 0764779 327.2118  28.3570 13.36689333425356
UNKNOWN                 
1 87054U 75052    22227.02634144  .00001516  00000+0  10505-2 0  9997
2 87054 100.0866 312.9429 0017000   1.9060 358.2163 14.00772276445547
UNKNOWN                 
1 87065U 99025    22218.48498178  .00000706  00000+0  90240-3 0  9995
2 87065  98.6883 230.2438 0338097 195.1261 163.9565 13.44477485351794
UNKNOWN                 
1 87071U 68097    22227.37235089  .00002609  00000+0  10738-2 0  9992
2 87071  61.2227 224.8882 0563886  16.0036 345.8008 13.66816939435328
UNKNOWN                 
1 87074U 77121    22226.66525249  .00000213  00000+0  30248-3 0  9992
2 87074  66.1442 326.9942 0155773 219.1612 139.8097 13.70309601436499
UNKNOWN                 
1 87079U          22227.20110611  .00088042  00000+0  36527-2 0  9994
2 87079  70.2845 168.0787 0014678 198.4431 161.6213 15.23302401472129
UNKNOWN                 
1 87091U          22225.88785050  .00093234  00000+0  22835-2 0  9991
2 87091  65.6871  43.7646 0056504  65.4662 295.2357 15.38575048475318
UNKNOWN                 
1 87113U 76126    22227.47781234  .00009233  00000+0  14598-2 0  9998
2 87113  65.6658  42.0503 0338959 126.3521 267.2198 14.40891696456434
UNKNOWN                 
1 87129U 76077    22227.08883371  .00000062  00000+0  78687-3 0  9993
2 87129 102.3233 286.1446 0034445 160.1573 200.0838 12.42127417395691
UNKNOWN                 
1 87159U          22222.20369799  .00000753  00000+0  93311-3 0  9999
2 87159  90.3088  27.8424 0115247 267.5981  91.1978 13.61515948390353
UNKNOWN                 
1 87163U 76126    22225.66727302  .00001621  00000+0  50393-3 0  9995
2 87163  65.6021 326.7543 0714577 236.7048 116.3604 13.51387030412355
UNKNOWN                 
1 87164U          22227.36420238  .00000597  00000+0  18941-3 0  9995
2 87164  65.2046 205.0099 0150839 209.5354 149.7156 14.41933389459679
UNKNOWN                 
1 87203U          22224.78040394  .00006696  00000+0  14217-2 0  9990
2 87203  98.8773 163.5131 0061283  91.5544 269.2674 14.58287538374902
UNKNOWN                 
1 87204U          22227.09537612  .00000772  00000+0  36916-3 0  9992
2 87204  98.6572  96.7767 0049436 268.1078  91.4437 14.21347185452319
UNKNOWN                 
1 87211U          22221.03965345  .00000937  00000+0  35312-3 0  9998
2 87211  99.0006 139.8700 0067284 150.8170 222.6181 14.32640133532113
UNKNOWN                 
1 87213U 99025    22217.33612738  .00008562  00000+0  87489-3 0  9992
2 87213  99.0408  59.8456 0051686 346.7963  13.1895 14.89891596379965
UNKNOWN                 
1 87214U 70025    22224.46141646  .00001057  00000+0  10541-2 0  9995
2 87214 100.3236  95.9731 0077651 134.1081 226.6491 13.79413803432050
UNKNOWN                 
1 87222U          22223.70402409  .00122056  00000+0  25690-2 0  9997
2 87222  98.9578 207.4871 0031630 103.6924 256.7845 15.44289240565277
UNKNOWN                 
1 87228U 99025    22227.31301109  .00003859  00000+0  13040-2 0  9999
2 87228  98.9306 359.9644 0045374  92.0672 268.5710 14.36910496429864
UNKNOWN                 
1 87235U          22225.21343775  .00002264  00000+0  83258-3 0  9992
2 87235  98.9662  14.4733 0151591 146.3833 214.7077 14.27492495411482
UNKNOWN                 
1 87237U 99025    22226.58179751  .00000110  00000+0  12168-3 0  9991
2 87237  99.4120 260.2005 0104726 320.4930 190.4350 13.90162494442696
UNKNOWN                 
1 87239U 81053    22226.81838289  .00002489  00000+0  10156-2 0  9994
2 87239  82.8857  10.0254 0030712 193.0511 166.9882 14.26809771453247
UNKNOWN                 
1 87245U 71015    22225.48083837  .00000825  00000+0  22210-3 0  9998
2 87245  65.6627   3.8685 0520439 347.0051  69.8233 13.94839994 80090
UNKNOWN                 
1 87256U 99025    22216.47551972  .00000644  00000+0  40957-3 0  9997
2 87256  98.8455 284.0093 0042741 251.2903 108.3624 14.06882899411235
UNKNOWN                 
1 87271U 71015    22226.25399676  .00005994  00000+0  13451-2 0  9992
2 87271  65.7731 179.7219 0556878 328.5347  28.3489 13.90742380441508
UNKNOWN                 
1 87280U          22226.78280683  .00000198  00000+0  44280-3 0  9999
2 87280  64.6183 358.4281 0116909 196.4157 163.3082 13.47151408369976
UNKNOWN                 
1 87293U 71015    22226.93691900  .00000968  00000+0  25032-3 0  9991
2 87293  65.9087  69.3301 0528029 290.1629  64.3403 13.94294278443205
UNKNOWN                 
1 87300U 70025    22227.54059950  .00000720  00000+0  58758-3 0  9998
2 87300 100.0872  82.4020 0031330 279.3194  80.4421 13.93440086443557
UNKNOWN                 
1 87304U          22227.18384111  .00000668  00000+0  12023-3 0  9994
2 87304  74.0202 166.2546 0019222  84.4956 275.8406 14.68613903467663
UNKNOWN                 
1 87305U 93036    22225.93463827  .00005282  00000+0  95477-3 0  9990
2 87305  73.9957  48.8139 0035627 132.3221 228.0977 14.66239442295355
UNKNOWN                 
1 87320U 71015    22226.96591128  .00001079  00000+0  77121-3 0  9996
2 87320  66.5964  84.8475 0439084 104.9285 260.0816 13.62593352427691
UNKNOWN                 
1 87334U          22227.55463925  .00005317  00000+0  65673-2 0  9993
2 87334  90.0036 270.9179 0074621   6.1107 354.0944 13.63790969219177
UNKNOWN                 
1 87335U          22227.54475540  .00004144  00000+0  51259-2 0  9991
2 87335  89.9909 269.1148 0075501 339.0125  20.7939 13.63658838219232
UNKNOWN                 
1 87397U 94029    22225.05610031  .00014812  00000+0  23173-2 0  9990
2 87397  81.2457 347.5384 0007355  28.7789 331.3820 14.72677551377853
UNKNOWN                 
1 87405U 81053    22227.14301555  .00000628  00000+0  49619-3 0  9997
2 87405  82.7549 292.2854 0055712 211.1971 148.5882 13.89401825441988
UNKNOWN                 
1 87410U 76077    22223.24531560  .00001802  00000+0  16752-1 0  9996
2 87410 102.2554 163.0945 0198242  87.6787 274.6946 12.19977458388200
UNKNOWN                 
1 87416U 81053    22227.14810056  .00002329  00000+0  93034-3 0  9990
2 87416  82.8348 290.5407 0017170 243.3897 116.5529 14.28055670434895
UNKNOWN                 
1 87423U 99057    22226.15049847  .00086147  00000+0  39928-2 0  9994
2 87423  98.8119 295.1577 0030455 178.8628 181.2677 15.19296799379666
UNKNOWN                 
1 87426U          22226.60286865  .00001356  00000+0  72743-3 0  9992
2 87426  65.7882 345.4933 0083944 214.6975 153.5360 14.14532310449787
UNKNOWN                 
1 87433U          22227.32337652  .00001029  00000+0  20729-2 0  9994
2 87433 100.2082   5.9940 0043141 296.8816  62.7902 13.36500868270005
UNKNOWN                 
1 87448U 70025    22226.56702844  .00000569  00000+0  54231-3 0  9992
2 87448 100.4472 275.8991 0068671  97.5907 263.3051 13.84796835440593
UNKNOWN                 
1 87456U 76126    22223.89121376  .00001983  00000+0  35486-3 0  9999
2 87456  65.7912  15.9136 0623045 263.3216  89.6615 13.88161060440917
UNKNOWN                 
1 87468U 93036    22226.10426039  .00005247  00000+0  58283-3 0  9999
2 87468  74.0155 147.0655 0064343 218.4454 141.2133 14.85952960299063
UNKNOWN                 
1 87491U 99025    22226.47036987  .00004281  00000+0  97384-3 0  9990
2 87491  98.6275 310.9352 0065141 294.0738  65.3652 14.55185285405023
UNKNOWN                 
1 87501U 93036    22225.72779307  .00009429  00000+0  25118-2 0  9999
2 87501  74.0315 340.4602 0024673   3.3418 356.7901 14.48403042292434
UNKNOWN                 
1 87517U 76126    22227.57175885  .00001459  00000+0  48843-3 0  9999
2 87517  65.8260 275.3698 0724943 167.7789 344.7834 13.46780193428460
UNKNOWN                 
1 87541U 70025    22227.16556818  .00000154  00000+0  38796-3 0  9999
2 87541  99.8530 117.6237 0059748 316.5317 201.3015 13.34955369419809
UNKNOWN                 
1 87553U 76126    22227.45990379  .00000639  00000+0  25173-3 0  9999
2 87553  65.6746  29.1076 0729466  45.0360 320.7509 13.42681080427485
UNKNOWN                 
1 87557U 73086    22226.11064933  .00001967  00000+0  53528-2 0  9994
2 87557 101.7638 278.2202 0084285 155.9060 204.6024 13.14414284404442
UNKNOWN                 
1 87561U 76077    22227.41941039 -.00000119  00000+0 -58498-3 0  9999
2 87561 102.1623 295.2599 0174385 352.9682  70.3543 12.32131691392755
UNKNOWN                 
1 87565U 99025    22225.85638143  .00000761  00000+0  47378-3 0  9992
2 87565  99.9173  94.2416 0180795 212.7177 146.2683 14.00683090445794
UNKNOWN                 
1 87569U 99025    22227.29303153 -.00000030  00000+0  88815-4 0  9998
2 87569 101.8391 349.1422 0056165 125.2818 267.9905 12.68480217404358
UNKNOWN                 
1 87587U 93036    22224.62401660  .00000078  00000+0  33875-4 0  9997
2 87587  74.0242 193.2081 0020586 168.3338 191.8297 14.38953869458531
UNKNOWN                 
1 87590U 99025    22226.35259525  .00000346  00000+0  22889-3 0  9998
2 87590  98.9361 267.9255 0028701 108.7198 313.6373 14.07857059983962
UNKNOWN                 
1 87616U 76067    22227.41792434  .00000616  00000+0  22507-2 0  9993
2 87616  66.0391  14.5582 0644264 295.4018  87.4591 12.45026429384830
UNKNOWN                 
1 87624U 99025    22227.45509954  .00001279  00000+0  28628-3 0  9995
2 87624  98.7539  89.6012 0129385  28.7033 332.1203 14.53565915402922
UNKNOWN                 
1 87642U          22222.15694230  .00021340  00000+0  97651-3 0  9997
2 87642  62.2251 271.1479 0113705 320.1954  39.0843 15.14898135468267
UNKNOWN                 
1 87650U          22218.00214958  .00003523  00000+0  13322-2 0  9995
2 87650 100.2650 125.7274 0054930 165.6446 194.6307 14.31220932 11170
UNKNOWN                 
1 87656U          22226.20998181  .00011356  00000+0  22941-2 0  9999
2 87656  99.1411  21.4664 0015916  54.6955 305.5729 14.61494283822890
UNKNOWN                 
1 87664U 75052    22227.43494696  .00000320  00000+0  98195-3 0  9999
2 87664  99.7186 206.0519 0211235 233.4150 281.8933 13.06272697382648
UNKNOWN                 
1 87672U 93016    22227.04046225  .00000401  00000+0  21113-3 0  9992
2 87672  70.8615  92.1484 0065275 316.6818  42.9184 14.19014996451513
UNKNOWN                 
1 87681U          22226.10294022  .00000314  00000+0  41561-3 0  9991
2 87681  66.7376  90.8857 0169588 245.9783 112.3453 13.67419946435280
UNKNOWN                 
1 87690U 76126    22224.73023855  .00003083  00000+0  50342-3 0  9997
2 87690  65.7971 224.9007 0680985 297.1795  56.1427 13.79353257438204
UNKNOWN                 
1 87706U          22226.84275052  .00000799  00000+0  20069-3 0  9999
2 87706  98.5609 353.5929 0135342  30.6909 119.5867 14.48818908401618
UNKNOWN                 
1 87725U 81053    22226.95079143  .00002637  00000+0  84249-3 0  9995
2 87725  82.8974 216.6222 0029892 352.3363   7.7368 14.39144628456777
UNKNOWN                 
1 87727U 92093    22227.16551267  .00025411  00000+0  32321-2 0  9997
2 87727  70.9776 147.0412 0010956 100.9118 259.3273 14.81481751463878
UNKNOWN                 
1 87730U          22226.85688906  .00000050  00000+0  36930-4 0  9998
2 87730  82.9426  53.5308 0030606 149.7403 210.5528 13.74209964418321
UNKNOWN                 
1 87737U 99025    22227.42849921  .00000006  00000+0  51174-4 0  9998
2 87737  99.5543  98.7619 0134343 107.9302 253.6544 13.72041252437188
UNKNOWN                 
1 87764U 76126    22227.36271102  .00004765  00000+0  99038-3 0  9994
2 87764  65.6772 186.9856 0487037 321.2555 112.5067 14.06267671446660
UNKNOWN                 
1 87771U 75052    22227.28577603  .00000030  00000+0  18715-3 0  9999
2 87771 100.6869  22.5626 0119740 236.7642 122.1948 13.19079794374817
UNKNOWN                 
1 87782U 73086    22225.65508095  .00001730  00000+0  65777-2 0  9991
2 87782 102.3788 289.6176 0079224 160.5314 199.8831 12.91617190410355
UNKNOWN                 
1 87817U 68097    22225.12998752  .00043484  00000+0  14712-2 0  9996
2 87817  62.7578   9.9946 0152195  67.1346 294.5749 15.19919079503486
UNKNOWN                 
1 87843U 70025    22225.03213044  .00001074  00000+0  27277-2 0  9992
2 87843  99.6821  70.3095 0247615 325.3592  33.1604 13.10674236404317
UNKNOWN                 
1 87845U          22226.78929207  .00000992  00000+0  19932-2 0  9995
2 87845  98.8430  50.9251 0586058 163.4897 198.6216 12.84882341919573
UNKNOWN                 
1 87878U          22224.79095437  .00001048  00000+0  42451-3 0  9995
2 87878  99.2191 254.9596 0041662 205.9648 153.9442 14.29603917436715
UNKNOWN                 
1 87883U 99025    22223.47221988  .00000252  00000+0  10920-3 0  9994
2 87883  99.2107 122.1306 0296557 202.2246 156.5848 14.12421465400046
UNKNOWN                 
1 87884U 99025    22227.34631075 -.00000069  00000+0 -15011-4 0  9992
2 87884  98.6134   6.0888 0155648 248.9069 109.5398 14.04534651447671
UNKNOWN                 
1 87898U 99025    22226.60309185  .00003314  00000+0  11687-2 0  9996
2 87898  98.9045  95.9634 0128202 216.3766 142.8652 14.30967178453702
UNKNOWN                 
1 87934U          22224.96756631  .00000084  00000+0  74517-4 0  9995
2 87934  82.9368 119.4778 0030588 178.4448 196.3549 13.72829294437217
UNKNOWN                 
1 87942U          22226.42113406  .00007850  00000+0  76837-3 0  9998
2 87942  99.0858 206.4650 0136653  51.0841 100.5331 14.85834814464831
UNKNOWN                 
1 87972U 99025    22226.76099482  .00010269  00000+0  32937-2 0  9990
2 87972  98.8030 155.8139 0164907 342.1799  17.3643 14.32166546401611
UNKNOWN                 
1 87991U 77065    22227.31012669  .00000074  00000+0  51679-4 0  9994
2 87991  28.6241 301.7576 0926524  64.3893 304.9424 12.30088154372986
UNKNOWN                 
1 87998U 99025    22224.83493710  .00000489  00000+0  30966-3 0  9990
2 87998  98.6898 264.0584 0029123 102.2783 258.1651 14.08291859377293
UNKNOWN                 
1 89003U          22226.30303445  .00000126  00000+0  53647-4 0  9993
2 89003  74.0459  84.1826 0015168  82.2311 278.0563 14.34802544457000
UNKNOWN                 
1 89005U          22226.69750647  .00000862  00000+0  23977-3 0  9996
2 89005  97.9608 132.5446 0220831 135.9470 225.9551 14.35318583359088
UNKNOWN                 
1 89029U          22227.05756773  .00001083  00000+0  15143-3 0  9991
2 89029  98.2012  85.9087 0029662 324.0830  35.8386 14.79472417470576
UNKNOWN                 
1 89037U          22212.09726278  .00001710  00000+0  10081-2 0  9997
2 89037  98.4372 168.8382 0141455  59.5518 301.9538 14.04196257349151
UNKNOWN                 
1 89048U          22226.45608382  .00022715  00000+0  38769-2 0  9990
2 89048  99.0454 129.0637 0018838  58.8809 301.4238 14.68831850461035
UNKNOWN                 
1 89067U          22227.33488507  .00019712  00000+0  59655-3 0  9995
2 89067  80.9864 192.7837 0561332  83.5058 282.9698 14.48617002405829
UNKNOWN                 
1 89074U          22224.84244470  .00001641  00000+0  19324-2 0  9995
2 89074 100.2933 260.3672 0053172 214.4382 324.7889 13.69188460422191
UNKNOWN                 
1 89101U          22222.71870862 -.00000468  00000+0 -12723-2 0  9994
2 89101 100.3078 190.5571 0147309 313.6549  45.2421 13.03669344395850
UNKNOWN                 
1 89123U          22226.73979224  .00002743  00000+0  12918-2 0  9998
2 89123  99.0667 329.6698 0066508 127.6760 233.0473 14.19615494354388
UNKNOWN                 
1 89127U          22224.42564416  .00026606  00000+0  20765-2 0  9992
2 89127  74.0622 226.6332 0035875 232.7672 127.0241 15.00527170311001
UNKNOWN                 
1 89132U          22227.39856078  .00001477  00000+0  13999-2 0  9995
2 89132  63.4387   9.5557 3054367 320.3866  20.8898  8.73775418218100
UNKNOWN                 
1 89135U          22225.09230508  .00001746  00000+0  84208-3 0  9998
2 89135  71.0648   4.3658 0135373 303.0972  55.7214 14.15358158449402
UNKNOWN                 
1 89142U          22226.78823102  .00166353  00000+0  88032-1 0  9994
2 89142  64.7945  19.7927 3097903  81.9248 311.6506  8.78196170  5418
UNKNOWN                 
1 89146U          22227.27585949  .00000802  00000+0  20753-3 0  9991
2 89146  98.1861 159.9403 0117034 213.0428 146.3416 14.48569671452142
UNKNOWN                 
1 89161U          22227.51600207  .00002790  00000+0  38058-3 0  9995
2 89161  97.7312 252.1783 0130592 155.1400 205.6177 14.73634548367199
UNKNOWN                 
1 89171U          22225.14210268  .00053380  00000+0  24538-2 0  9995
2 89171  99.0015 114.8122 0028583 223.6180 136.2791 15.19801456372639
UNKNOWN                 
1 89172U 81053    22227.03131562  .00002544  00000+0  61420-3 0  9990
2 89172  82.0752 247.0826 0409590 310.3164  46.2881 14.12415935428522
UNKNOWN                 
1 89177U          22223.91138928  .00000080  00000+0  69758-4 0  9990
2 89177  82.9190  92.5721 0031298 294.2422  65.5464 13.73435807895640
UNKNOWN                 
1 89183U          22226.76137567  .00000324  00000+0  33328-3 0  9995
2 89183  99.2046 151.9825 0133347 145.8750 215.1064 13.79394477439204
UNKNOWN                 
1 89184U          22227.33484882  .00002366  00000+0  74997-3 0  9990
2 89184  98.4760  63.3996 0017281 271.4928  88.4281 14.40890139315351
UNKNOWN                 
1 89195U          22225.62761791  .00001553  00000+0  67773-3 0  9990
2 89195  98.7724 292.9819 0033105 174.0195 186.1386 14.25076261353851
UNKNOWN                 
1 89206U          22227.50970427  .00002486  00000+0  10334-2 0  9996
2 89206  98.7046 252.4777 0031444 117.9611 242.4758 14.27041882312316
UNKNOWN                 
1 89213U          22226.98526006  .00000226  00000+0  17759-3 0  9994
2 89213  98.8765 142.0700 0232161 210.7425 147.9962 13.89307153283728
UNKNOWN                 
1 89218U          22227.33457333  .00001057  00000+0  10143-2 0  9997
2 89218 100.3874  47.0458 0106247 263.6701  95.2339 13.80584764425644
UNKNOWN                 
1 89251U          22225.53783106  .00001804  00000+0  15366-2 0  9996
2 89251  62.5154  75.6126 3040704 353.8730   3.1628  8.78693591263821
UNKNOWN                 
1 89255U          22224.56736890  .00000414  00000+0  58750-3 0  9991
2 89255  98.6585 145.8141 0362463 303.9017  52.8130 13.37865260332078
UNKNOWN                 
1 89261U          22227.04449707  .00000305  00000+0  11118-3 0  9998
2 89261  98.2029 260.4011 0012404 236.1662 123.8347 14.39451397358728
UNKNOWN                 
1 89281U          22214.14980116  .00002429  00000+0  67470-3 0  9992
2 89281  99.3288 343.0940 0015695 215.2740 321.1058 14.47452273456610
UNKNOWN                 
1 89304U          22227.47185795  .00000846  00000+0  38063-2 0  9994
2 89304  84.9104  36.1862 2701309  54.4092 345.3941  8.87843429329943
UNKNOWN                 
1 89314U          22227.40372112  .00000855  00000+0  21229-2 0  9995
2 89314  19.4245 345.3390 7127396  21.0048 357.3108  2.39964468 58460
UNKNOWN                 
1 89327U          22227.32897687  .00000545  00000+0  45253-3 0  9999
2 89327  82.5490 232.5408 0010559 337.9840  22.0867 13.87112703305924
UNKNOWN                 
1 89347U          22226.78233171  .00040334  00000+0  52637-2 0  9995
2 89347  86.2579 142.0066 0062686  13.4466 346.8406 14.78943392319443
UNKNOWN                 
1 89349U          22226.56200984 -.00000008  00000+0 -52784-4 0  9990
2 89349  90.2662 339.5924 0031299 215.4446 144.4594 12.95607287321234
UNKNOWN                 
1 89379U          22226.75456878  .00003912  00000+0  62482-2 0  9998
2 89379 100.5577 148.5439 0037718 205.8585 154.0662 13.49491733416027
UNKNOWN                 
1 89381U          22226.94337384  .00041116  00000+0  42978-2 0  9998
2 89381  98.7344  45.0909 0047853 306.7846  52.8981 14.88668492298091
UNKNOWN                 
1 89389U          22227.25430211  .00004320  00000+0  59883-3 0  9994
2 89389  74.0497 315.4121 0078310 313.0542  46.4091 14.76173957363156
UNKNOWN                 
1 89391U          22226.86934939  .00014836  00000+0  12338-2 0  9995
2 89391  97.4505  11.8802 0185166 174.0028 186.3469 14.86332206245374
UNKNOWN                 
1 89395U          22225.54340510 -.00000048  00000+0 -85431-4 0  9997
2 89395 102.3138 250.9014 0226160  40.2810 112.7012 12.01163372378577
UNKNOWN                 
1 89403U          22226.26550733 -.00000315  00000+0 -11179-2 0  9990
2 89403  90.2648 337.9711 0031148 206.3250 182.1803 12.96841528320049
UNKNOWN                 
1 89453U          22227.24421039  .00007943  00000+0  46712-3 0  9994
2 89453  97.3049  28.7605 0122531 319.2345  39.9762 15.05722630324930
UNKNOWN                 
1 89460U          22226.83472698  .00000789  00000+0  16297-2 0  9998
2 89460 100.2757   7.4386 0050238 306.6298  53.0212 13.35619491270678
UNKNOWN                 
1 89483U          22214.39674154  .00002193  00000+0  23603-3 0  9993
2 89483  99.4835 263.0572 0254790 218.1435 140.1494 14.69065822316565
UNKNOWN                 
1 89484U          22227.05513184  .00001050  00000+0  70361-2 0  9999
2 89484  85.0030  94.9743 2617007 106.5572 283.6493  8.86803832246616
UNKNOWN                 
1 89490U          22224.70885534  .00003152  00000+0  14652-2 0  9992
2 89490  98.3976 190.1771 0125117 204.3123 155.2119 14.17209175306855
UNKNOWN                 
1 89492U          22214.58264768  .00001424  00000+0  10489-2 0  9993
2 89492  82.5310 336.5523 0026508 245.5614 114.2787 13.94777318395869
UNKNOWN                 
1 89493U          22227.07905759  .00000930  00000+0  56207-3 0  9994
2 89493  99.1154 267.8676 0091791 213.6381 145.8940 14.07051221292497
UNKNOWN                 
1 89494U          22221.33631379  .00001371  00000+0  81653-3 0  9995
2 89494  99.1152 262.0668 0091829 229.7137 129.5978 14.07014348291547
UNKNOWN                 
1 89496U          22224.18671738  .00016861  00000+0  16909-2 0  9997
2 89496  98.8702 305.0192 0075416 274.0558  85.2038 14.89294266298912
