SAUDISAT 1C             
1 27607U 02058C   22227.66731480  .00000377  00000+0  72063-4 0  9995
2 27607  64.5547 120.6892 0080750 283.0749  76.1350 14.76201177 57118
SAUDISAT 2              
1 28371U 04025F   22227.65215396  .00000215  00000+0  61316-4 0  9992
2 28371  98.3840 184.5257 0024364 284.1057  75.7511 14.54584464961897
SAUDISAT 3              
1 31118U 07012B   22227.82463219  .00000174  00000+0  37590-4 0  9993
2 31118  97.9717 173.4447 0015391  12.1416 348.0158 14.69351721821874
PISAT                   
1 41784U 16059B   22227.53631007  .00000379  00000+0  80767-4 0  9995
2 41784  97.9119 268.5761 0031270 345.3282  14.7010 14.63968539314338
FLYING LAPTOP           
1 42831U 17042G   22227.82249366  .00001363  00000+0  13978-3 0  9990
2 42831  97.4179  78.8128 0014275 162.5703 197.6003 14.91877793276944
SALSAT                  
1 46495U 20068K   22227.81707062  .00001268  00000+0  94240-4 0  9999
2 46495  97.7311 169.1511 0018267  77.6925 282.6345 15.04713915103114
