PROBA-1                 
1 26958U 01049B   22227.80889813  .00000349  00000+0  34558-4 0  9998
2 26958  97.8263 187.6971 0072131 145.2846 215.3113 14.96479733133354
BIRD 2                  
1 26959U 01049C   22227.25511878  .00009841  00000+0  20660-3 0  9995
2 26959  97.7632 323.0692 0007140 151.7508 208.4128 15.45566318462260
CUTE-1 (CO-55)          
1 27844U 03031E   22227.01982617  .00000145  00000+0  84740-4 0  9997
2 27844  98.6795 233.8232 0008749 296.1818  63.8460 14.22479387992191
CUBESAT XI-IV (CO-57)   
1 27848U 03031J   22227.70473259  .00000119  00000+0  73383-4 0  9996
2 27848  98.6841 235.0052 0008787 309.8270  50.2134 14.22033218992105
GENESIS 1               
1 29252U 06029A   22227.57611700  .00002937  00000+0  13555-3 0  9991
2 29252  64.5195 236.8847 0057031 253.6099 105.8751 15.21071151887969
FALCONSAT-3             
1 30776U 07006E   22227.69795300  .00034687  00000+0  45868-3 0  9991
2 30776  35.4292 231.0407 0004202 237.7545 122.2781 15.57300486858810
GENESIS 2               
1 31789U 07028A   22227.55989468  .00002790  00000+0  13424-3 0  9998
2 31789  64.4946 280.2677 0053260 306.5417  53.0809 15.19941319834886
APRIZESAT 4             
1 35684U 09041D   22226.99933487  .00000309  00000+0  48105-4 0  9999
2 35684  98.3105 242.6509 0047210 162.4031 197.8828 14.79697384703723
APRIZESAT 3             
1 35686U 09041F   22227.47520298  .00000497  00000+0  58291-4 0  9992
2 35686  98.1064 315.4647 0071833 354.6004   5.4429 14.88006139707381
PROBA-2                 
1 36037U 09059B   22227.77919706  .00000078  00000+0  29599-4 0  9995
2 36037  98.2248  53.2589 0012170 288.1386  71.8485 14.53281701677873
APRIZESAT 5             
1 37792U 11044E   22227.62587774  .00000321  00000+0  53852-4 0  9991
2 37792  98.3166 104.7753 0057769 174.4288 185.7576 14.75808548591721
APRIZESAT 6             
1 37793U 11044F   22227.88402039  .00000283  00000+0  52244-4 0  9991
2 37793  98.3956  81.9596 0045620 226.0104 145.3659 14.72827406590616
TET-1                   
1 38710U 12039D   22227.29456229  .00051103  00000+0  31962-3 0  9991
2 38710  97.5069 312.5916 0001759 163.5630 196.5692 15.76706959566662
PROBA-V                 
1 39159U 13021A   22227.84979354  .00000008  00000+0  21586-4 0  9991
2 39159  98.3539 260.7432 0002962 280.3517  79.7328 14.23044190481776
STPSAT-3                
1 39380U 13064A   22227.66360859  .00026954  00000+0  52491-3 0  9994
2 39380  40.4980  41.2501 0006999   5.4185 354.6707 15.46883681488461
APRIZESAT 7             
1 39416U 13066A   22227.86963505  .00000502  00000+0  64736-4 0  9992
2 39416  97.5765 205.0430 0041232 160.2306 200.0519 14.84526222472857
APRIZESAT 8             
1 39425U 13066K   22227.88088628  .00000390  00000+0  55046-4 0  9997
2 39425  97.6314 196.5317 0050760 204.4416 155.4390 14.81674927471767
BUGSAT-1 (TITA)         
1 40014U 14033E   22227.96560926  .00002375  00000+0  21072-3 0  9999
2 40014  98.1430 228.8107 0030040 197.4981 162.5211 14.96906644445044
SAUDISAT 4              
1 40016U 14033G   22227.77008159  .00000221  00000+0  39006-4 0  9990
2 40016  97.6408  59.3535 0046928 310.1942  49.5165 14.75598468439144
APRIZESAT 9             
1 40018U 14033J   22227.40731373  .00000205  00000+0  40484-4 0  9997
2 40018  97.7207  34.8444 0071660  25.3556 335.1139 14.70306302437319
APRIZESAT 10            
1 40019U 14033K   22227.75327212  .00000262  00000+0  52204-4 0  9995
2 40019  97.7756  24.9438 0085218  67.5349 293.4853 14.67347649436496
TDS 1                   
1 40076U 14037H   22227.70816816  .00001376  00000+0  16505-3 0  9990
2 40076  98.3830 103.7693 0005586 234.5659 125.5033 14.85831828438504
TIANTUO 2               
1 40144U 14053B   22227.78222714  .00004375  00000+0  11726-3 0  9992
2 40144  97.1922 306.5565 0010307 354.6694 157.0564 15.38465891444216
TECHNOSAT               
1 42829U 17042E   22227.84228477  .00000744  00000+0  78454-4 0  9992
2 42829  97.4157  78.5020 0014305 162.3969 197.7749 14.91978741276944
FLYING LAPTOP           
1 42831U 17042G   22227.82249366  .00001363  00000+0  13978-3 0  9990
2 42831  97.4179  78.8128 0014275 162.5703 197.6003 14.91877793276944
HAWK-A                  
1 43765U 18099H   22227.82533583  .00000804  00000+0  74257-4 0  9994
2 43765  97.6160 294.3245 0016208  73.5101 286.7900 14.97232546202020
HAWK-B                  
1 43794U 18099AN  22227.62522240  .00000747  00000+0  69316-4 0  9998
2 43794  97.6160 294.1294 0016260  74.3926 285.9089 14.97231602201981
HAWK-C                  
1 43799U 18099AT  22227.62504485  .00000764  00000+0  70770-4 0  9999
2 43799  97.6158 294.0374 0016141  74.1967 286.1033 14.97231665202737
SALSAT                  
1 46495U 20068K   22227.81707062  .00001268  00000+0  94240-4 0  9999
2 46495  97.7311 169.1511 0018267  77.6925 282.6345 15.04713915103114
