STARLETTE               
1 07646U 75010A   22227.89736234 -.00000150  00000+0 -40765-5 0  9997
2 07646  49.8214 235.5846 0205761 113.9396 248.3194 13.82313267400707
LAGEOS 1                
1 08820U 76039A   22227.73735547  .00000013  00000+0  00000+0 0  9991
2 08820 109.8523  59.2991 0045112 242.1199 111.1871  6.38664853823635
AJISAI (EGS)            
1 16908U 86061A   22227.84386656 -.00000083  00000+0  10282-3 0  9993
2 16908  50.0088 136.4211 0011187 213.3378 189.8081 12.44497028305891
COSMOS 1989 (ETALON 1)  
1 19751U 89001C   22227.23213823  .00000000  00000+0  00000+0 0  9998
2 19751  64.3154 120.3646 0023799 213.3831 346.4195  2.13156265261485
COSMOS 2024 (ETALON 2)  
1 20026U 89039C   22226.83127823 -.00000079  00000+0  00000+0 0  9992
2 20026  65.5349 358.4068 0018515 218.4938 313.2559  2.13204274258607
LAGEOS 2                
1 22195U 92070B   22227.58500788 -.00000009  00000+0  00000+0 0  9991
2 22195  52.6605  72.4229 0138326 294.6733  88.2611  6.47293754704686
STELLA                  
1 22824U 93061B   22227.86593623 -.00000045  00000+0  87257-6 0  9998
2 22824  98.9627 250.2806 0006184 353.3014 186.6703 14.27392329505016
LARES                   
1 38077U 12006A   22227.48789731 -.00000060  00000+0 -13243-3 0  9999
2 38077  69.4923 166.4672 0011270 279.1921  80.7829 12.54931065481311
