GOES 1 (SMS-C) [-]      
1 08366U 75100A   22227.47696187 -.00000241  00000+0  00000+0 0  9995
2 08366   8.1376 294.9842 0002618 236.9153 243.0550  1.00274823171010
GOES 2 [-]              
1 10061U 77048A   22227.39113234  .00000066  00000+0  00000+0 0  9995
2 10061   9.7198 306.4627 0010228  28.4188   7.3236  0.99394701 32341
GOES 3 [-]              
1 10953U 78062A   22226.89327777 -.00000086  00000+0  00000+0 0  9998
2 10953  10.0515 310.9923 0003580 161.5571 264.7233  0.99357523114603
GOES 4 [-]              
1 11964U 80074A   22226.86059331 -.00000310  00000+0  00000+0 0  9992
2 11964  11.0136 314.8162 0032334  77.8754  13.5132  0.99232421113522
GOES 5 [-]              
1 12472U 81049A   22227.25576369 -.00000279  00000+0  00000+0 0  9993
2 12472  11.8581 326.1959 0002491 169.8561 205.2001  1.00311735108795
GOES 6 [-]              
1 14050U 83041A   22227.22977660 -.00000271  00000+0  00000+0 0  9999
2 14050  12.4200 331.5056 0005327 149.8878 207.9765  1.00292166201956
GOES 7 [-]              
1 17561U 87022A   22227.60421528 -.00000154  00000+0  00000+0 0  9991
2 17561  14.1920 348.0591 0005612  79.3371 281.5898  0.99910383112965
GOES 8 [-]              
1 23051U 94022A   22226.63458800  .00000012  00000+0  00000+0 0  9997
2 23051  13.2250  23.7742 0006624  54.3848 189.2050  0.98902643110256
GOES 9 [-]              
1 23581U 95025A   22225.26438410 -.00000254  00000+0  00000+0 0  9991
2 23581  12.7172  24.1241 0008989 103.7353 255.7274  0.98801827 98889
GOES 10 [-]             
1 24786U 97019A   22225.52340782  .00000049  00000+0  00000+0 0  9998
2 24786  11.4827  30.3065 0026188 197.4647 347.1460  0.99120475 92151
GOES 11 [-]             
1 26352U 00022A   22227.49135464 -.00000028  00000+0  00000+0 0  9992
2 26352   8.8050  58.8473 0002258  92.3681 254.9275  0.99040435 38584
GOES 12 [-]             
1 26871U 01031A   22227.64087050 -.00000058  00000+0  00000+0 0  9996
2 26871   9.6205  47.7877 0004858 343.2504   1.6735  0.99138794 76863
EWS-G1 (GOES 13) [+]    
1 29155U 06018A   22226.99042832  .00000021  00000+0  00000+0 0  9999
2 29155   0.7380  96.5501 0005592  97.8936 186.8239  1.00274093 29319
GOES 14 [B]             
1 35491U 09033A   22227.48601719 -.00000107  00000+0  00000+0 0  9995
2 35491   0.4537  94.4532 0014693 117.4630 182.3558  1.00272122 48051
GOES 15 [B]             
1 36411U 10008A   22227.61565470  .00000039  00000+0  00000+0 0  9993
2 36411   0.4337 276.2681 0004751 243.7083 257.5672  1.00271977 45614
GOES 16 [+]             
1 41866U 16071A   22227.43902302 -.00000263  00000+0  00000+0 0  9998
2 41866   0.0554 268.2303 0000695 284.8577 213.5686  1.00271454 21059
GOES 17 [+]             
1 43226U 18022A   22227.60405774  .00000083  00000+0  00000+0 0  9997
2 43226   0.0926 271.0822 0000370 237.3203 255.7111  1.00272486 16366
GOES 18 [+]             
1 51850U 22021A   22227.60573760  .00000082  00000+0  00000+0 0  9993
2 51850   0.0314  83.7576 0002876 124.9080 196.3853  1.00272409  1722
