GORIZONT 1 [-]          
1 11158U 78118A   22226.39006163 -.00000102  00000+0  00000+0 0  9995
2 11158  11.0876 203.1609 3469445 284.3249  39.9159  1.00304685108876
GORIZONT 2 [-]          
1 11440U 79062A   22226.82536826  .00000030  00000+0  00000+0 0  9999
2 11440   9.1531 301.1632 0002791 237.6683 141.2769  1.00274762123961
GORIZONT 3 [-]          
1 11648U 79105A   22226.88360323  .00000059  00000+0  00000+0 0  9991
2 11648   9.3124 302.5952 0014165 211.2311 182.0111  1.00332209108424
GORIZONT 4 [-]          
1 11841U 80049A   22225.00535369 -.00000213  00000+0  00000+0 0  9995
2 11841  10.4662 308.3800 0001113 174.5856 193.3327  0.98631575219677
GORIZONT 5 [-]          
1 13092U 82020A   22224.83997021  .00000004  00000+0  00000+0 0  9990
2 13092  11.4567 313.6629 0034469 211.1090 152.4237  0.98530618107766
GORIZONT 6 [-]          
1 13624U 82103A   22227.56662345  .00000075  00000+0  00000+0 0  9992
2 13624  10.3716 313.6689 0003144 175.6188 226.7616  1.00275830106890
GORIZONT 7 [-]          
1 14160U 83066A   22224.97626439 -.00000147  00000+0  00000+0 0  9994
2 14160  12.0337 323.0132 0008341 314.4932  52.7614  0.98349113140947
GORIZONT 8 [-]          
1 14532U 83118A   22227.41937216 -.00000021  00000+0  00000+0 0  9996
2 14532  12.2019 324.8390 0030909 149.3837 248.1761  0.98268733106739
GORIZONT 9 [-]          
1 14940U 84041A   22226.77182264 -.00000222  00000+0  00000+0 0  9991
2 14940  11.3956 322.8886 0004845 201.2663 164.6325  1.00231700107888
GORIZONT 10 [-]         
1 15144U 84078A   22227.50758399  .00000113  00000+0  00000+0 0  9996
2 15144  11.4882 323.9082 0001532 137.0914 255.1061  1.00202883140520
GORIZONT 11 [-]         
1 15484U 85007A   22226.80606887 -.00000188  00000+0  00000+0 0  9995
2 15484  11.6697 325.8878 0005128 149.8036 217.5966  1.00394575138576
GORIZONT 12 [-]         
1 16769U 86044A   22226.84277056 -.00000066  00000+0  00000+0 0  9995
2 16769  12.2835 331.2479 0001978 177.5024 189.2773  1.00197191133207
GORIZONT 13 [-]         
1 17083U 86090A   22226.85334910 -.00000128  00000+0  00000+0 0  9999
2 17083  14.1546 338.4019 0012051 343.4430  61.7796  0.96726256105083
GORIZONT 14 [-]         
1 17969U 87040A   22227.58588181 -.00000197  00000+0  00000+0 0  9996
2 17969  13.1063 329.8152 0032629 172.3892 184.8994  0.97660422106165
GORIZONT 15 [-]         
1 19017U 88028A   22227.25363993 -.00000085  00000+0  00000+0 0  9991
2 19017  14.4387 341.2379 0038774 155.1639 199.4472  0.97827534105787
GORIZONT 16 [-]         
1 19397U 88071A   22227.31740660 -.00000285  00000+0  00000+0 0  9999
2 19397  13.2910 339.9189 0014754  68.2802 324.5693  0.99973980124223
GORIZONT 17 [-]         
1 19765U 89004A   22227.49694712 -.00000060  00000+0  00000+0 0  9991
2 19765  13.8342 343.2571 0024694 131.8641 228.7066  0.99067357121680
GORIZONT 18 [-]         
1 20107U 89052A   22227.50820719  .00000036  00000+0  00000+0 0  9998
2 20107  13.8762 344.5183 0032671 318.6694  54.4281  0.99401167120489
GORIZONT 19 [-]         
1 20263U 89081A   22224.91095131  .00000071  00000+0  00000+0 0  9996
2 20263  13.6093 343.7322 0003868 185.9638 168.9407  1.00333581 33258
GORIZONT 20 [-]         
1 20659U 90054A   22226.89496882 -.00000313  00000+0  00000+0 0  9994
2 20659  14.0410 346.5435 0007240 160.7101 235.1846  1.00277606117628
GORIZONT 21 [-]         
1 20923U 90094A   22227.40581550 -.00000203  00000+0  00000+0 0  9995
2 20923  14.0529 347.3096 0005075 188.3064 199.5272  1.00387043116399
GORIZONT 22 [-]         
1 20953U 90102A   22227.54066341 -.00000305  00000+0  00000+0 0  9992
2 20953  14.0110 347.6758 0002851  41.9911 269.2907  1.00283529116316
GORIZONT 23 [-]         
1 21533U 91046A   22224.98106041 -.00000011  00000+0  00000+0 0  9996
2 21533  14.7690 351.8372 0002053 330.0833  34.2596  0.98907884 32807
GORIZONT 24 [-]         
1 21759U 91074A   22227.60802453 -.00000205  00000+0  00000+0 0  9994
2 21759  14.9199 353.7149 0017264 220.4537  97.2222  0.98444455111150
GORIZONT 25 [-]         
1 21922U 92017A   22226.99247046  .00000081  00000+0  00000+0 0  9997
2 21922  14.4631 353.0565 0030025  83.0724 277.5153  0.99850282110935
GORIZONT 26 [-]         
1 22041U 92043A   22227.37085653 -.00000118  00000+0  00000+0 0  9998
2 22041  14.6309 355.0506 0029911 231.4728 147.6929  0.99241375109566
GORIZONT 27 [-]         
1 22245U 92082A   22226.85908071 -.00000179  00000+0  00000+0 0  9994
2 22245  14.5483 354.6553 0011629  17.5728 344.2540  1.00139700113077
GORIZONT 28 [-]         
1 22880U 93069A   22227.48248152 -.00000019  00000+0  00000+0 0  9995
2 22880  14.6841 358.5066 0035882 131.0006 258.3770  0.99648159105162
GORIZONT 29 [-]         
1 22907U 93072A   22226.92027567 -.00000023  00000+0  00000+0 0  9997
2 22907  14.5970 357.9775 0008910 354.8718 307.3950  1.00157986105128
GORIZONT 30 [-]         
1 23108U 94030A   22227.31599170 -.00000282  00000+0  00000+0 0  9991
2 23108  14.6087 358.8819 0002987 137.5171  84.8455  1.00286783103402
GORIZONT 31 [-]         
1 23775U 96005A   22227.46592071 -.00000114  00000+0  00000+0 0  9998
2 23775  14.5119   5.0825 0018352 197.1223 191.0341  0.99883459 97056
GORIZONT 32 [-]         
1 23880U 96034A   22227.59820903  .00000073  00000+0  00000+0 0  9992
2 23880  14.4598   5.6010 0008212   2.0536  30.9635  1.00160090 95990
GORIZONT 33 [-]         
1 26372U 00029A   22227.29042809 -.00000267  00000+0  00000+0 0  9994
2 26372  13.1602  16.7670 0004827  96.6078 280.2680  1.00320363 81372
