GALAXY 25 (G-25)        
1 24812U 97026A   22226.83901970 -.00000021  00000+0  00000+0 0  9994
2 24812   3.8317  83.0870 0003873  31.8310 216.4691  1.00270965 92318
INTELSAT 5 (IS-5)       
1 24916U 97046A   22227.60348477 -.00000078  00000+0  00000+0 0  9996
2 24916   7.3500  60.6462 0003536 112.4612 174.2825  1.00272353 91560
GALAXY 11 (G-11)        
1 26038U 99071A   22227.63109157 -.00000178  00000+0  00000+0 0  9997
2 26038   3.1509  86.9987 0000315 176.5618 194.5214  1.00271382 83033
INTELSAT 9 (IS-9)       
1 26451U 00043A   22227.84320793 -.00000303  00000+0  00000+0 0  9991
2 26451   7.3372  60.8264 0002392  94.5506  62.4011  1.00272554 30095
INTELSAT 1R (IS-1R)     
1 26608U 00072A   22227.59295946 -.00000154  00000+0  00000+0 0  9994
2 26608   4.6101  80.0951 0000659 286.4800 327.9504  1.00271812 27266
INTELSAT 10 (IS-10)     
1 26766U 01019A   22227.61691956  .00000018  00000+0  00000+0 0  9993
2 26766   5.7151  72.8731 0002559  59.7635 231.2301  1.00271922 31563
INTELSAT 901 (IS-901)   
1 26824U 01024A   22225.68483685 -.00000221  00000+0  00000+0 0  9994
2 26824   0.0187 232.4952 0001294 299.7536   8.8794  1.00267299  8903
INTELSAT 902 (IS-902)   
1 26900U 01039A   22227.37989914 -.00000298  00000+0  00000+0 0  9993
2 26900   2.5491  88.3854 0002582  67.4674 254.5711  1.00270808 76630
INTELSAT 904 (IS-904)   
1 27380U 02007A   22225.39742005 -.00000233  00000+0  00000+0 0  9999
2 27380   3.3767  85.3578 0003054  59.9477 290.0570  1.00270435 37686
DIRECTV 5 (TEMPO 1)     
1 27426U 02023A   22227.63735144 -.00000072  00000+0  00000+0 0  9994
2 27426   1.2752  92.5678 0003333  54.6228 296.1416  1.00276841 74061
INTELSAT 905 (IS-905)   
1 27438U 02027A   22225.68544726 -.00000204  00000+0  00000+0 0  9995
2 27438   3.1992  86.0926 0002800  65.7207  32.5225  1.00269933 37291
GALAXY 3C (G-3C)        
1 27445U 02030A   22227.10041772 -.00000168  00000+0  00000+0 0  9998
2 27445   0.1208  82.1632 0000303 290.8949 251.7130  1.00270995 32438
INTELSAT 906 (IS-906)   
1 27513U 02041A   22226.88694265 -.00000003  00000+0  00000+0 0  9999
2 27513   2.2166  89.8606 0003152  59.1258 197.7386  1.00273366 72968
GALAXY 12 (G-12)        
1 27715U 03013B   22227.84460883  .00000043  00000+0  00000+0 0  9990
2 27715   3.4158  84.9689 0001972  74.7479 339.5516  1.00272796 70953
GALAXY 23 (G-23)        
1 27854U 03034A   22227.81062465 -.00000001  00000+0  00000+0 0  9993
2 27854   0.0397 255.1101 0002919 255.9395 343.9723  1.00272620 69692
GALAXY 13 (HORIZONS-1)  
1 27954U 03044A   22227.61744774  .00000034  00000+0  00000+0 0  9998
2 27954   0.0192  96.8862 0000096 116.8302 205.5298  1.00270117 32517
INTELSAT 10-02          
1 28358U 04022A   22225.69006888 -.00000030  00000+0  00000+0 0  9994
2 28358   0.0178 221.7361 0000899 321.1359  26.6623  1.00269393 66477
XM-3 (RHYTHM)           
1 28626U 05008A   22227.43277498 -.00000220  00000+0  00000+0 0  9999
2 28626   0.0205 202.9000 0001653 332.1912 219.4042  1.00270314 28563
DIRECTV 8               
1 28659U 05019A   22227.62747074 -.00000014  00000+0  00000+0 0  9991
2 28659   0.0113 152.7784 0002709 355.5263 282.5293  1.00272407 63012
GALAXY 28 (G-28)        
1 28702U 05022A   22227.14597953 -.00000201  00000+0  00000+0 0  9998
2 28702   0.0279  72.4661 0002228  74.3171 140.3070  1.00272681 37925
GALAXY 14 (G-14)        
1 28790U 05030A   22226.99247046  .00000139  00000+0  00000+0 0  9990
2 28790   1.4071  91.6663 0001904  48.4433 213.4250  1.00270973 62242
GALAXY 15 (G-15)        
1 28884U 05041A   22227.61592861  .00000064  00000+0  00000+0 0  9991
2 28884   0.0431 280.6502 0001682 228.7216 263.3609  1.00273539 61554
SPACEWAY 2              
1 28903U 05046B   22227.60249410  .00000088  00000+0  00000+0 0  9992
2 28903   2.0388  87.3477 0000394 124.5146 190.0980  1.00272061 37286
GALAXY 16 (G-16)        
1 29236U 06023A   22227.21719519 -.00000143  00000+0  00000+0 0  9990
2 29236   0.0558 279.3583 0002955 234.5667 148.8498  1.00272302 58915
DIRECTV 9S              
1 29494U 06043A   22227.81076900 -.00000127  00000+0  00000+0 0  9996
2 29494   0.0164 115.0536 0003042  31.8718   7.9176  1.00272030 37330
XM-4 (BLUES)            
1 29520U 06049A   22227.25000352 -.00000221  00000+0  00000+0 0  9993
2 29520   0.0636 291.2975 0001300  33.4137   3.7882  1.00271265 37412
GALAXY 17 (G-17)        
1 31307U 07016B   22227.85213484 -.00000188  00000+0  00000+0 0  9994
2 31307   0.0149  86.5953 0002631  68.9421  24.4432  1.00271934 55756
DIRECTV 10              
1 31862U 07032A   22227.48680289 -.00000116  00000+0  00000+0 0  9999
2 31862   0.0019 320.2111 0000992  60.0863  16.0018  1.00256809 31534
SPACEWAY 3              
1 32018U 07036A   22227.49145694 -.00000166  00000+0  00000+0 0  9999
2 32018   0.3725  90.0589 0000293  59.4730 256.2963  1.00271196 32494
INTELSAT 11 (IS-11)     
1 32253U 07044B   22227.39300205 -.00000284  00000+0  00000+0 0  9990
2 32253   0.0146  96.0158 0001857  53.5752 272.6600  1.00270779 54437
HORIZONS-2              
1 32388U 07063B   22225.69181288 -.00000065  00000+0  00000+0 0  9996
2 32388   0.0163  95.0195 0004045   5.2273 118.5642  0.99710621 53748
DIRECTV 11              
1 32729U 08013A   22227.48913411 -.00000140  00000+0  00000+0 0  9995
2 32729   0.0015 348.5047 0000201   1.1166  51.1246  1.00264368 31531
GALAXY 18 (G-18)        
1 32951U 08024A   22227.62246208  .00000010  00000+0  00000+0 0  9998
2 32951   0.0167 100.5693 0003048  47.2226 277.2700  1.00272702 31794
INTELSAT 25 (IS-25)     
1 33153U 08034A   22225.68405205 -.00000242  00000+0  00000+0 0  9990
2 33153   0.0153 125.6433 0003357  27.8671  23.3112  1.00270263 51626
GALAXY 19 (G-19)        
1 33376U 08045A   22227.81093936 -.00000153  00000+0  00000+0 0  9991
2 33376   0.0558 284.7794 0002950 220.4523  13.8879  1.00272421 50850
FM-5                    
1 35493U 09034A   22227.47417934 -.00000217  00000+0  00000+0 0  9993
2 35493   0.0173 107.2057 0000460  74.7841 226.4335  1.00283800 32585
INTELSAT 14 (IS-14)     
1 36097U 09064A   22226.29864404 -.00000291  00000+0  00000+0 0  9996
2 36097   0.0144  99.4048 0002647  49.3777 236.4192  1.00272878 46536
INTELSAT 15 (IS-15)     
1 36106U 09067A   22226.76802403 -.00000202  00000+0  00000+0 0  9995
2 36106   0.0187  67.5475 0002542  85.3465 171.8871  1.00272035 27161
DIRECTV 12              
1 36131U 09075A   22227.33972713 -.00000119  00000+0  00000+0 0  9995
2 36131   0.0405 274.8542 0000272 306.7899 121.6531  1.00271382 32503
INTELSAT 16 (IS-16)     
1 36397U 10006A   22227.43823062 -.00000260  00000+0  00000+0 0  9995
2 36397   0.0222  96.1937 0002213  57.3814 251.8044  1.00269621 45591
XM-5                    
1 37185U 10053A   22226.26345361 -.00000041  00000+0  00000+0 0  9991
2 37185   0.0155  95.5240 0000653 283.4034 283.3712  1.00272148 43413
INTELSAT 17 (IS-17)     
1 37238U 10065B   22226.99407444 -.00000018  00000+0  00000+0 0  9998
2 37238   0.0313 210.0228 0002446 293.9381 243.2701  1.00272616 39172
INTELSAT NEW DAWN       
1 37392U 11016A   22226.03566618  .00000137  00000+0  00000+0 0  9991
2 37392   0.0156 136.3804 0001134 355.0746 236.6217  1.00273071 39215
INTELSAT 18 (IS-18)     
1 37834U 11056A   22227.29384806  .00000037  00000+0  00000+0 0  9991
2 37834   0.0233  45.9809 0002239 107.5393  95.9307  1.00272744 39758
INTELSAT 22 (IS-22)     
1 38098U 12011A   22226.84129476 -.00000075  00000+0  00000+0 0  9999
2 38098   0.0130  91.4775 0002794  66.6398 180.0702  1.00271816 37999
INTELSAT 19 (IS-19)     
1 38356U 12030A   22227.60244477 -.00000072  00000+0  00000+0 0  9998
2 38356   0.0115 132.5627 0003193  22.5158 191.7889  1.00269109 36380
INTELSAT 20 (IS-20)     
1 38740U 12043A   22226.88732699 -.00000044  00000+0  00000+0 0  9995
2 38740   0.0126 140.8785 0001970  24.5854 185.7378  1.00283917 36684
INTELSAT 21 (IS-21)     
1 38749U 12045A   22227.17477359 -.00000301  00000+0  00000+0 0  9994
2 38749   0.0183  96.1292 0002280  53.6688 178.6751  1.00271853 36474
INTELSAT 23 (IS-23)     
1 38867U 12057A   22227.45181628 -.00000300  00000+0  00000+0 0  9999
2 38867   0.0159 119.6224 0000785 248.4979  65.3628  1.00273494 35881
FM-6                    
1 39360U 13058A   22227.23288374 -.00000033  00000+0  00000+0 0  9995
2 39360   0.0559 270.1209 0000741 118.5945 262.5810  1.00271313 32005
INTELSAT 30 (IS-30)     
1 40271U 14062A   22226.21433704 -.00000168  00000+0  00000+0 0  9999
2 40271   0.0181 115.3357 0001824 324.8138 224.5768  1.00269848 28513
DIRECTV 14              
1 40333U 14078B   22226.52486237 -.00000143  00000+0  00000+0 0  9991
2 40333   0.0155  93.8653 0000844 106.9217 211.8535  1.00274136 27998
DIRECTV 15              
1 40663U 15026A   22227.36213223 -.00000118  00000+0  00000+0 0  9999
2 40663   0.0166 102.5180 0000755 314.3134 294.4169  1.00270198 26402
SKY MEXICO-1            
1 40664U 15026B   22227.69327749 -.00000249  00000+0  00000+0 0  9990
2 40664   0.0183  84.9526 0002176  66.5376 343.3739  1.00271081 26401
INTELSAT 34 (IS-34)     
1 40874U 15039A   22226.45217753 -.00000303  00000+0  00000+0 0  9994
2 40874   0.0401 303.5997 0000515  66.2799  60.2611  1.00278430 25554
INTELSAT 31 (IS-31)     
1 41581U 16035A   22225.45487453 -.00000169  00000+0  00000+0 0  9992
2 41581   0.0268 217.7571 0000910  17.0814 155.7093  1.00270943 22615
INTELSAT 36 (IS-36)     
1 41747U 16053A   22225.70393373 -.00000043  00000+0  00000+0 0  9992
2 41747   0.0149  65.9314 0002339 297.1904 280.8801  1.00268731 21879
INTELSAT 33E (IS-33E)   
1 41748U 16053B   22225.70227692  .00000030  00000+0  00000+0 0  9998
2 41748   0.0154  71.9678 0001735  71.8674 131.0593  1.00271445 22171
INTELSAT 32E (IS-32E)   
1 41945U 17007B   22225.51924677 -.00000288  00000+0  00000+0 0  9999
2 41945   0.0151  85.7688 0000782 291.8084  88.0680  1.00261465 20167
INTELSAT 35E (IS-35E)   
1 42818U 17041A   22225.68344164 -.00000257  00000+0  00000+0 0  9998
2 42818   0.0136  97.5111 0001902  40.0263  36.0680  1.00271356 18744
INTELSAT 37E (IS-37E)   
1 42950U 17059A   22225.68666807 -.00000159  00000+0  00000+0 0  9996
2 42950   0.0147  96.6162 0002683  46.4210  48.2474  1.00271598 17998
AZERSPACE 2 (IS-38)     
1 43632U 18074A   22226.89141573  .00000120  00000+0  00000+0 0  9991
2 43632   0.0157 100.2660 0001587  51.5060 177.4962  1.00271098 14386
HORIZONS-3E             
1 43633U 18074B   22227.60754689 -.00000047  00000+0  00000+0 0  9999
2 43633   0.0226 245.3347 0002303  53.0701  53.2654  1.00266570 14280
AT&T T-16               
1 44333U 19034A   22227.48835567 -.00000130  00000+0  00000+0 0  9998
2 44333   0.0337 256.7065 0000796 143.3954 358.7122  1.00267297 11570
INTELSAT 39 (IS-39)     
1 44476U 19049B   22226.63858443  .00000016  00000+0  00000+0 0  9998
2 44476   0.0205 117.9875 0000547 201.6546 295.2052  1.00269569 11085
GALAXY 30 (G-30)        
1 46114U 20056C   22227.22745378  .00000021  00000+0  00000+0 0  9993
2 46114   0.0145  95.4516 0002684  67.6624 117.3717  1.00272865  7239
