CALSPHERE 1             
1 00900U 64063C   22227.81893818  .00000385  00000+0  39990-3 0  9997
2 00900  90.1744  41.9911 0026419 199.1624 228.0643 13.73864232878811
CALSPHERE 2             
1 00902U 64063E   22227.76714642  .00000004  00000+0 -65297-5 0  9990
2 00902  90.1869  45.1105 0017659 341.7703  31.6087 13.52720047666795
LCS 1                   
1 01361U 65034C   22227.79592991  .00000006  00000+0 -27503-3 0  9991
2 01361  32.1384 264.4041 0012647  87.5525 272.6420  9.89301905 71103
TEMPSAT 1               
1 01512U 65065E   22227.76654444  .00000017  00000+0  16958-4 0  9996
2 01512  89.9130 218.1640 0068566 222.8474 311.6150 13.33453314773276
CALSPHERE 4A            
1 01520U 65065H   22227.66277275  .00000089  00000+0  15319-3 0  9995
2 01520  89.9921 130.1313 0071234  95.8876 283.7537 13.35898780775567
OPS 5712 (P/L 160)      
1 02826U 67053A   22227.83101882  .00001754  00000+0  46027-3 0  9993
2 02826  69.9275 149.7771 0008176 271.5410  88.4788 14.50828483861344
OPS 5712 (P/L 153)      
1 02874U 67053H   22227.73575651 -.00000014  00000+0  28325-4 0  9995
2 02874  69.9712 238.1630 0009228 230.5475 129.4815 13.96412899811100
SURCAL 150B             
1 02909U 67053J   22227.82306134  .00002808  00000+0  54290-3 0  9993
2 02909  69.9469 136.3125 0005813 289.8500  70.2014 14.64426055872306
RIGIDSPHERE 2 (LCS 4)   
1 05398U 71067E   22227.85304215  .00000477  00000+0  16001-3 0  9997
2 05398  87.6265   6.5984 0062953 187.3950 172.6326 14.34287272672777
COSMOS 2493 (SKRL-756 1)
1 39490U 13078A   22227.83581253  .00001167  00000+0  11967-3 0  9995
2 39490  82.4198 177.2755 0015310 259.4084 100.5409 14.89556434468539
COSMOS 2494 (SKRL-756 2)
1 39491U 13078B   22227.82003874  .00001217  00000+0  12016-3 0  9995
2 39491  82.4200 170.9430 0020063 233.1964 126.7415 14.91015098469101
