SCD 1                   
1 22490U 93009B   22227.36286267  .00000293  00000+0  30878-4 0  9996
2 22490  24.9681 212.9967 0043192  78.1411  35.7981 14.44709205558081
TECHSAT 1B (GO-32)      
1 25397U 98043D   22227.39036746  .00000024  00000+0  30271-4 0  9995
2 25397  98.8209 178.0254 0000680 359.6208   0.4970 14.23765622251813
SCD 2                   
1 25504U 98060A   22227.88633384  .00000313  00000+0  37669-4 0  9998
2 25504  24.9964  64.8242 0017368  90.5194  51.0008 14.44221119257446
LANDSAT 7               
1 25682U 99020A   22227.92757814  .00000212  00000+0  53664-4 0  9993
2 25682  97.9751 273.7421 0001122  81.8094 278.3224 14.59784989241240
DLR-TUBSAT              
1 25757U 99029B   22227.62293260  .00000049  00000+0  23926-4 0  9998
2 25757  98.4900 170.7737 0013405 300.8923  59.0952 14.51511397229862
TERRA                   
1 25994U 99068A   22227.81297314  .00000216  00000+0  57708-4 0  9990
2 25994  98.1337 298.3626 0001633  90.0464  19.4448 14.57136963205264
MAROC-TUBSAT            
1 27004U 01056D   22227.67614064 -.00000033  00000+0  14093-4 0  9991
2 27004  99.6343   8.0794 0020408 138.3870 234.5873 13.70159258 34258
AQUA                    
1 27424U 02022A   22227.80896344  .00000399  00000+0  98101-4 0  9995
2 27424  98.2490 169.1454 0001979  71.3332 318.8304 14.57354617 78878
IRS-P6 (RESOURCESAT-1)  
1 28051U 03046A   22227.89452627  .00000061  00000+0  36246-4 0  9998
2 28051  98.4018 297.2187 0058160 199.8692 160.0227 14.34222651979540
SHIYAN 1 (SY-1)         
1 28220U 04012A   22227.55846341  .00001352  00000+0  10758-3 0  9996
2 28220  97.9788 221.3700 0012754 127.0210 233.2182 15.02136227998940
AURA                    
1 28376U 04026A   22227.82674206  .00000395  00000+0  97713-4 0  9995
2 28376  98.2109 170.3152 0001579  81.9004 278.2374 14.57113929961876
IRS-P5 (CARTOSAT-1)     
1 28649U 05017A   22227.74814106  .00000584  00000+0  75957-4 0  9991
2 28649  97.7149 286.2203 0002293  57.6333 302.5103 14.84227285935536
SINAH 1                 
1 28893U 05043D   22227.33042900  .00000144  00000+0  38344-4 0  9992
2 28893  98.1185 349.8341 0014909 353.4365   6.6639 14.61731284895557
EROS B                  
1 29079U 06014A   22227.90420537  .00009924  00000+0  39709-3 0  9997
2 29079  97.3896 347.8279 0005579  96.8908  51.6423 15.25264016905431
RESURS-DK 1             
1 29228U 06021A   22227.37145051  .00000856  00000+0  70124-4 0  9999
2 29228  69.9370 338.8498 0006497 306.5701  53.4862 15.03347925891230
ARIRANG-2 (KOMPSAT-2)   
1 29268U 06031A   22227.82613712  .00000251  00000+0  58359-4 0  9993
2 29268  97.8978  94.1923 0016384 179.6594 180.4623 14.62476905856577
LAPAN-TUBSAT            
1 29709U 07001A   22227.74812455  .00000308  00000+0  44981-4 0  9996
2 29709  97.9706 190.2128 0014081  65.5599 294.7071 14.82534029843297
CARTOSAT-2 (IRS-P7)     
1 29710U 07001B   22227.73390720  .00016143  00000+0  39089-3 0  9999
2 29710  97.8699 336.7116 0146713 208.9037 150.4020 15.30706072845300
HAIYANG-1B              
1 31113U 07010A   22227.80277466  .00000024  00000+0  25003-4 0  9991
2 31113  98.3174 250.3217 0014587  41.2622 318.9661 14.30328004800259
COSMO-SKYMED 1          
1 31598U 07023A   22227.81110564  .00000439  00000+0  61647-4 0  9992
2 31598  97.8884  50.6194 0001551  95.2434 264.8970 14.82161866821758
TERRASAR-X              
1 31698U 07026A   22227.98645700  .00000183  00000+0  11920-4 0  9994
2 31698  97.4464 234.7428 0001686  60.8782 356.4872 15.19152397841152
WORLDVIEW-1 (WV-1)      
1 32060U 07041A   22227.61778527  .00003939  00000+0  16398-3 0  9994
2 32060  97.3916 346.1997 0004822 286.2721  73.7985 15.24317084829408
YAOGAN 3                
1 32289U 07055A   22227.83978422  .00001249  00000+0  16614-3 0  9995
2 32289  97.9457 249.2687 0001300  81.1008 279.0329 14.81475423797832
COSMO-SKYMED 2          
1 32376U 07059A   22227.77735914 -.00000003  00000+0  62078-5 0  9991
2 32376  97.8887  50.5861 0001683  94.4449 265.6953 14.82158872794492
RADARSAT-2              
1 32382U 07061A   22227.89435484  .00000022  00000+0  25489-4 0  9997
2 32382  98.5762 233.9659 0001242  92.1831  24.4458 14.29984501765791
CARTOSAT-2A             
1 32783U 08021A   22227.83358795  .00000308  00000+0  49104-4 0  9999
2 32783  97.9610 287.4527 0012199 341.9668  18.1057 14.78646093771792
HUANJING 1A (HJ-1A)     
1 33320U 08041A   22227.73116043  .00000364  00000+0  57189-4 0  9990
2 33320  97.6744 258.0016 0022144  42.1349 318.1563 14.77890676751148
HUANJING 1B (HJ-1B)     
1 33321U 08041B   22227.95180574  .00000802  00000+0  11740-3 0  9994
2 33321  97.6917 261.8966 0035661  58.0474 302.4190 14.77824090751172
GEOEYE 1                
1 33331U 08042A   22227.80245616  .00000221  00000+0  50612-4 0  9996
2 33331  98.1090 301.9287 0010251  89.5658 270.6701 14.64554851745059
THEOS                   
1 33396U 08049A   22227.83975189  .00000169  00000+0  10000-3 0  9999
2 33396  98.7449 294.9036 0001307  94.2253  15.2862 14.20006223719096
COSMO-SKYMED 3          
1 33412U 08054A   22227.79489282 -.00000661  00000+0 -59492-4 0  9991
2 33412  97.8886  51.6147 0016109 282.5969  77.3445 14.91871727747020
YAOGAN 4                
1 33446U 08061A   22227.36837478  .00000403  00000+0  63635-4 0  9999
2 33446  97.8183 165.7117 0015025 307.0069  52.9767 14.77432553738290
GOSAT (IBUKI)           
1 33492U 09002A   22227.32566088  .00000367  00000+0  73306-4 0  9993
2 33492  98.1209 339.5066 0001825  96.1790 263.9622 14.67519881725859
YAOGAN 6                
1 34839U 09021A   22227.72763642  .00003680  00000+0  12792-3 0  9991
2 34839  97.0864 205.1458 0027938  86.1361 274.3074 15.29956842740292
DEIMOS-1                
1 35681U 09041A   22227.73649772  .00000275  00000+0  51025-4 0  9997
2 35681  97.7095  75.7543 0002689  59.1407 301.0068 14.72089623700494
DUBAISAT-1              
1 35682U 09041B   22227.69000979  .00000390  00000+0  73979-4 0  9993
2 35682  97.8107  18.3261 0010336 238.7825 121.2337 14.69249055698981
OCEANSAT-2              
1 35931U 09051A   22227.73843126 -.00045015  00000+0 -15648-1 0  9996
2 35931  98.3005 320.4329 0001769 318.5383  41.5574 14.35801294682723
WORLDVIEW-2 (WV-2)      
1 35946U 09055A   22227.78092935  .00000048  00000+0  30415-4 0  9992
2 35946  98.4846 302.1753 0001588 140.2957 219.8342 14.37656005674439
SMOS                    
1 36036U 09059A   22227.79806490  .00000128  00000+0  54852-4 0  9997
2 36036  98.4445  54.4590 0001239  84.4632 275.6698 14.39770659671809
YAOGAN 7                
1 36110U 09069A   22227.75512945 -.00000217  00000+0 -23997-4 0  9993
2 36110  98.1951  88.2225 0024237 216.0649 143.9168 14.75154929682880
TANDEM-X                
1 36605U 10030A   22227.47737256 -.00000534  00000+0 -22226-4 0  9991
2 36605  97.4453 234.2423 0001715  96.2697  58.7070 15.19146474673822
CARTOSAT-2B             
1 36795U 10035A   22227.80362938 -.00003511  00000+0 -47177-3 0  9993
2 36795  97.9561 287.5294 0014823  55.3301 304.9377 14.78632289652838
YAOGAN 10               
1 36834U 10038A   22227.84763069  .00000349  00000+0  51549-4 0  9997
2 36834  97.9757 238.3922 0001376  76.4776 283.6577 14.81318954649576
COSMO-SKYMED 4          
1 37216U 10060A   22227.72251810  .00000529  00000+0  73045-4 0  9995
2 37216  97.8885  50.5324 0001403  81.9690 278.1673 14.82162211637037
RESOURCESAT-2           
1 37387U 11015A   22227.81226532  .00000059  00000+0  46695-4 0  9997
2 37387  98.6601 299.2126 0003080 255.2941 104.7898 14.21652973587591
HAIYANG-2A              
1 37781U 11043A   22227.72649847 -.00000024  00000+0  19208-4 0  9997
2 37781  99.3179 232.5534 0001626  74.5335 285.5996 13.78743630553551
RASAT                   
1 37791U 11044D   22227.79160944  .00000236  00000+0  52912-4 0  9995
2 37791  98.0967 319.8652 0020820 305.7315  54.1953 14.65051922587808
MEGHA-TROPIQUES         
1 37838U 11058A   22227.86661354  .00000348  00000+0  38406-4 0  9997
2 37838  19.9790 288.4241 0042835 215.3257 144.4306 14.16657472492170
SRMSAT                  
1 37841U 11058D   22227.76635146  .00000341  00000+0  41882-4 0  9995
2 37841  19.9711 256.3954 0011647 276.0366 241.8044 14.10765602559628
YAOGAN 13               
1 37941U 11072A   22227.84832148  .00004453  00000+0  19967-3 0  9998
2 37941  97.6354 178.8216 0002323 137.9400 248.7302 15.21751012593836
PLEIADES 1A             
1 38012U 11076F   22227.92646126  .00000148  00000+0  41687-4 0  9992
2 38012  98.1979 302.1017 0001332  97.6329 262.5035 14.58570412567747
ZIYUAN 1-02C (ZY 1-02C) 
1 38038U 11079A   22227.75319911  .00000140  00000+0  64347-4 0  9993
2 38038  98.5858 292.0938 0008032  89.0372 271.1735 14.35323966557995
ZIYUAN 3-1 (ZY 3-1)     
1 38046U 12001A   22227.82925120  .00003629  00000+0  16456-3 0  9993
2 38046  97.3373 297.2677 0001179 182.7070 286.4499 15.21452731588631
ARIRANG-3 (KOMPSAT-3)   
1 38338U 12025B   22227.78782709  .00000257  00000+0  60818-4 0  9998
2 38338  98.1818 167.3003 0010411 181.9377 178.1792 14.61896246546642
KANOPUS-V 1             
1 38707U 12039A   22227.93205247  .00004132  00000+0  18121-3 0  9992
2 38707  97.4677 149.6319 0001675  87.5737 343.4015 15.22534582558449
EXACTVIEW-1 (ADS-1B)    
1 38709U 12039C   22227.43343731  .00000032  00000+0  34023-4 0  9995
2 38709  99.0059 295.3719 0010055 246.6261 113.3859 14.24113877523137
SPOT 6                  
1 38755U 12047A   22227.87254155  .00000142  00000+0  40511-4 0  9995
2 38755  98.2311 293.9438 0001154  77.5006 282.6312 14.58539731528812
PLEIADES 1B             
1 39019U 12068A   22227.82358035  .00000159  00000+0  44052-4 0  9991
2 39019  98.1931 301.9553 0001403  87.0519 273.0844 14.58558733516581
GOKTURK 2               
1 39030U 12073A   22227.74452858  .00000262  00000+0  48430-4 0  9998
2 39030  97.8472 104.8083 0001893 110.2243 249.9180 14.72900128518081
LANDSAT 8               
1 39084U 13008A   22227.82393916  .00000190  00000+0  52172-4 0  9992
2 39084  98.2192 297.3853 0001287  95.6569 264.4777 14.57108124493828
SARAL                   
1 39086U 13009A   22227.77934000  .00000029  00000+0  27021-4 0  9990
2 39086  98.5489  52.5386 0002330  91.4905 268.6546 14.32056764494974
GAOFEN 1                
1 39150U 13018A   22227.79865969  .00000388  00000+0  63105-4 0  9992
2 39150  98.0707 294.1731 0023582  92.6028 267.7870 14.76445908501499
VNREDSAT 1              
1 39160U 13021B   22227.73742334  .00000316  00000+0  70772-4 0  9990
2 39160  98.0761 301.8826 0001525  93.2353 266.9023 14.62997387495280
ARIRANG-5 (KOMPSAT-5)   
1 39227U 13042A   22227.78925324  .00000430  00000+0  35044-4 0  9994
2 39227  97.6321  52.7218 0001909  92.9621  28.0134 15.04512357493205
SKYSAT-A                
1 39418U 13066C   22227.68140211  .00001959  00000+0  16095-3 0  9996
2 39418  97.5509 297.7509 0027736  63.5659 296.8406 15.00012900477539
DUBAISAT-2              
1 39419U 13066D   22227.74025348  .00000693  00000+0  67935-4 0  9991
2 39419  97.4425 256.7395 0015154  79.9578 280.3321 14.95121134476059
GPM-CORE                
1 39574U 14009C   22227.83251034  .00013862  00000+0  20177-3 0  9992
2 39574  65.0030 346.1823 0010031 278.9717  81.0294 15.55948074480843
SENTINEL-1A             
1 39634U 14016A   22227.83626950 -.00000100  00000+0 -11505-4 0  9999
2 39634  98.1827 234.5534 0001368  83.2270 276.9065 14.59197027445685
KAZEOSAT 1              
1 39731U 14024A   22227.67613288  .00000087  00000+0  39928-4 0  9999
2 39731  98.4618 302.6696 0001115  89.2762 270.8558 14.41981995436622
ALOS-2                  
1 39766U 14029A   22227.78651735 -.00000128  00000+0 -10297-4 0  9999
2 39766  97.9227 324.0663 0001553  91.2451 268.8947 14.79470649444400
KAZEOSAT 2              
1 40010U 14033A   22227.85544709  .00000301  00000+0  44279-4 0  9996
2 40010  97.7156 110.9721 0013349 242.6485 117.3384 14.82083272441243
HODOYOSHI-4             
1 40011U 14033B   22227.81061263  .00000542  00000+0  74818-4 0  9991
2 40011  97.6708  98.5715 0025110 242.2164 117.6503 14.81742116440882
DEIMOS-2                
1 40013U 14033D   22227.84927851  .00000553  00000+0  70290-4 0  9992
2 40013  97.7533 123.4520 0000619  48.4305 311.6973 14.85425282442013
HODOYOSHI-3             
1 40015U 14033F   22227.87355420  .00000314  00000+0  48844-4 0  9999
2 40015  97.6363  78.8723 0035191 269.2905  90.4275 14.78962915440099
SPOT 7                  
1 40053U 14034A   22227.77061075  .00000157  00000+0  43489-4 0  9996
2 40053  98.1693 294.2253 0001317  97.1101 263.0248 14.58566375432732
SKYSAT-B                
1 40072U 14037D   22227.85961311  .00000392  00000+0  57081-4 0  9995
2 40072  98.4013  99.2856 0007459 119.0062 241.1897 14.81778776438040
WORLDVIEW-3 (WV-3)      
1 40115U 14048A   22227.80799153  .00000485  00000+0  63164-4 0  9995
2 40115  97.8518 301.8827 0001802  46.1663 313.9700 14.84936235433926
GAOFEN 2                
1 40118U 14049A   22227.70494221  .00000579  00000+0  81841-4 0  9992
2 40118  97.7586 294.2415 0008230 112.1317 248.0768 14.80694781431869
YAOGAN 21               
1 40143U 14053A   22226.39861282  .00004606  00000+0  19528-3 0  9991
2 40143  97.3471 292.5455 0016635  34.4031  28.0128 15.23494244441371
YAOGAN 22               
1 40275U 14063A   22227.89581787 -.00000008  00000+0  10000-3 0  9992
2 40275 100.5750 348.3213 0006947 111.9456 248.2387 13.15442180375564
ASNARO                  
1 40298U 14070A   22227.77412377  .00005439  00000+0  25894-3 0  9999
2 40298  97.4665 309.2085 0001006 127.8618  25.2127 15.19561705431208
HODOYOSHI-1             
1 40299U 14070B   22227.77176039  .00003943  00000+0  14951-3 0  9992
2 40299  97.2400 294.1603 0010412 289.6420 165.7395 15.27401741432111
QSAT-EOS                
1 40301U 14070D   22227.77533064  .00015293  00000+0  41768-3 0  9998
2 40301  97.2045 294.1160 0017950 254.4023 200.7340 15.37330592432612
YAOGAN 23               
1 40305U 14071A   22227.85565030  .00004596  00000+0  20419-3 0  9994
2 40305  97.6101 179.9544 0001343  85.7796 299.5769 15.22047702429596
YAOGAN 24               
1 40310U 14072A   22227.82122749  .00000429  00000+0  69305-4 0  9993
2 40310  97.9821 347.4819 0018925  84.9864 275.3508 14.76193078416991
CBERS 4                 
1 40336U 14079A   22227.80233700  .00000038  00000+0  28140-4 0  9994
2 40336  98.4805 300.6301 0000601  94.9014 265.2239 14.35465593402920
RESURS P2               
1 40360U 14087A   22227.93410076  .00004217  00000+0  11816-3 0  9991
2 40360  97.2060 311.6664 0007746 228.1038 248.7632 15.37125344427396
YAOGAN 26               
1 40362U 14088A   22227.94992221  .00004541  00000+0  19088-3 0  9991
2 40362  97.1429 274.8689 0005040 238.8197 243.7361 15.23882277425080
SMAP                    
1 40376U 15003A   22227.51387787  .00000260  00000+0  59137-4 0  9996
2 40376  98.1159 233.4602 0001879  14.1005 346.0249 14.63575240402620
KOMPSAT-3A              
1 40536U 15014A   22227.88970118  .00002475  00000+0  14734-3 0  9995
2 40536  97.5335 169.7083 0004169 257.4958 187.0557 15.12142604408029
SENTINEL-2A             
1 40697U 15028A   22227.84402244  .00000057  00000+0  38258-4 0  9996
2 40697  98.5669 301.7797 0001243  88.7125 271.4202 14.30816389373347
GAOFEN 8                
1 40701U 15030A   22226.37364103  .00006705  00000+0  28576-3 0  9990
2 40701  97.5687   1.4054 0001483 100.0043 346.6330 15.23285583397202
CARBONITE 1 (CBNT-1)    
1 40718U 15032D   22227.73595682  .00000712  00000+0  11154-3 0  9995
2 40718  97.7306  89.4900 0016313 178.1091 182.0186 14.75468117382165
YAOGAN 27               
1 40878U 15040A   22227.91534984 -.00000005  00000+0  10000-3 0  9994
2 40878 100.1270 257.2071 0008219 203.0021 157.0719 13.15980132334858
GAOFEN 9-01             
1 40894U 15047A   22227.70138043  .00000437  00000+0  69667-4 0  9994
2 40894  97.8142 296.1189 0033397  20.3423 339.9117 14.76303223372920
LAPAN-A2                
1 40931U 15052B   22227.13691865  .00001144  00000+0  69747-4 0  9990
2 40931   5.9989 110.4410 0013756 283.5432  76.3423 14.76845409372037
YAOGAN 28               
1 41026U 15064A   22227.83599896  .00004393  00000+0  18663-3 0  9996
2 41026  97.5616  10.9863 0006337  94.8850  47.8031 15.23583230377270
YAOGAN 29               
1 41038U 15069A   22227.94296550  .00000237  00000+0  37606-4 0  9999
2 41038  98.0575 228.4151 0000415  76.2003 283.9254 14.80902730363091
KENT RIDGE 1            
1 41167U 15077B   22227.07804769  .00001964  00000+0  77257-4 0  9996
2 41167  14.9825 141.6377 0010868 105.6669   8.4036 15.10188704368121
TELEOS 1                
1 41169U 15077D   22227.92021528  .00004457  00000+0  20518-3 0  9993
2 41169  14.9762 103.0569 0009799 176.6104 183.4289 15.13335883368546
GAOFEN 4                
1 41194U 15083A   22227.20014885 -.00000351  00000+0  00000+0 0  9997
2 41194   0.0708 269.0582 0004192 268.7387 323.5556  1.00272210 24465
JASON-3                 
1 41240U 16002A   22227.81390029 -.00000049  00000+0  54124-4 0  9990
2 41240  66.0409 165.7792 0008179 267.3334  92.6745 12.80930274307513
SENTINEL-3A             
1 41335U 16011A   22227.81118585  .00000052  00000+0  39512-4 0  9997
2 41335  98.6192 294.2393 0001174  99.6390 260.4923 14.26740316338233
SENTINEL-1B             
1 41456U 16025A   22227.73292572 -.00000168  00000+0 -26003-4 0  9997
2 41456  98.1824 234.2772 0001334  83.2950 276.8381 14.59196737335838
ZIYUAN 3-2 (ZY 3-2)     
1 41556U 16033A   22227.93836747  .00003618  00000+0  16469-3 0  9992
2 41556  97.5328 296.6779 0005446  98.4916  74.8999 15.21335535344942
NUSAT-1 (FRESCO)        
1 41557U 16033B   22227.95603811  .00011114  00000+0  31980-3 0  9994
2 41557  97.3904 325.8101 0011286 157.8338 314.9598 15.35887998346510
NUSAT-2 (BATATA)        
1 41558U 16033C   22227.97153807  .00011082  00000+0  30030-3 0  9991
2 41558  97.4111 331.8592 0010980 147.5816 302.5505 15.37764340346798
CARTOSAT-2C             
1 41599U 16040A   22227.82436503  .00002699  00000+0  13092-3 0  9998
2 41599  97.4827 286.8952 0012777 342.6826 128.9108 15.19306766340945
SKYSAT-C1               
1 41601U 16040C   22227.62201691  .00006910  00000+0  18651-3 0  9994
2 41601  97.1517 301.5205 0002357 118.2858 241.8626 15.38079040343095
LAPAN-A3                
1 41603U 16040E   22227.91613192  .00000993  00000+0  47935-4 0  9994
2 41603  97.2030 262.3468 0011913 317.8858 120.0085 15.20807157341070
BIROS                   
1 41604U 16040F   22227.86091586  .00002741  00000+0  11355-3 0  9995
2 41604  97.2061 270.0341 0009821 285.2391  74.7761 15.24685357341511
GAOFEN 3                
1 41727U 16049A   22227.78639388  .00000008  00000+0  15601-4 0  9992
2 41727  98.4086 235.2288 0001750  98.1521 261.9862 14.42216026316649
SKYSAT-C4               
1 41771U 16058B   22227.77805590  .00006591  00000+0  17788-3 0  9990
2 41771  97.1145 291.2821 0001953 164.2238 195.9069 15.38096403330079
SKYSAT-C5               
1 41772U 16058C   22227.88789847  .00003607  00000+0  13873-3 0  9995
2 41772  97.2610 289.8445 0001612  85.9706 274.1717 15.27026911328841
SKYSAT-C2               
1 41773U 16058D   22227.62739130  .00006323  00000+0  17066-3 0  9994
2 41773  97.1159 291.5253 0003006 105.2291 254.9287 15.38109932330073
SKYSAT-C3               
1 41774U 16058E   22227.81495505  .00007951  00000+0  19068-3 0  9993
2 41774  97.1151 292.4048 0002151 134.5721 225.5702 15.41646509330145
ALSAT 1B                
1 41785U 16059C   22227.71276987  .00000218  00000+0  44226-4 0  9990
2 41785  97.9055 270.1668 0010772  44.3498 315.8562 14.70079958314526
PATHFINDER 1            
1 41787U 16059E   22227.87997747  .00000357  00000+0  76416-4 0  9993
2 41787  97.9087 269.3887 0030154 341.1385  18.8715 14.64067548314430
SCATSAT 1               
1 41790U 16059H   22227.15973103  .00000096  00000+0  35511-4 0  9999
2 41790  98.3161 270.4392 0005858  36.9147 323.2450 14.50911620311580
GOKTURK 1A              
1 41875U 16073A   22227.71840992 -.00003071  00000+0 -59387-3 0  9994
2 41875  98.1249 121.7231 0001237  76.6320 283.5064 14.62742385303943
RESOURCESAT-2A          
1 41877U 16074A   22227.78573307  .00000048  00000+0  41754-4 0  9996
2 41877  98.7155 302.3074 0002196 129.7868 230.3504 14.21634445295199
CARTOSAT-2D             
1 41948U 17008A   22227.77130594  .00002647  00000+0  12861-3 0  9992
2 41948  97.4613 286.7247 0007970 114.1054 246.0981 15.19291336304808
SENTINEL-2B             
1 42063U 17013A   22227.80894268  .00000054  00000+0  37173-4 0  9990
2 42063  98.5680 301.7165 0001478  83.0218 277.1133 14.30821332284250
ZHUHAI-1 02 (CAS-4B)    
1 42759U 17034B   22227.83777913  .00003370  00000+0  20405-3 0  9998
2 42759  43.0180   5.2837 0010725 303.0224 185.3648 15.12254689285349
NUSAT-3 (MILANESAT)     
1 42760U 17034C   22227.82061074  .00003606  00000+0  21275-3 0  9991
2 42760  43.0162 359.8414 0010571 323.5327 161.0163 15.13045784285416
ZHUHAI-1 01 (CAS-4A)    
1 42761U 17034D   22227.80833057  .00003121  00000+0  18947-3 0  9992
2 42761  43.0194   4.1908 0010877 303.4206 208.1260 15.12339321285347
CARTOSAT-2E             
1 42767U 17036C   22227.95301507  .00002741  00000+0  13303-3 0  9994
2 42767  97.4503 287.6692 0008197 161.9871  11.2286 15.19300924285395
FORMOSAT-5              
1 42920U 17049A   22227.74242825  .00000063  00000+0  26961-4 0  9993
2 42920  98.2379 304.0946 0011738  72.0689 288.1781 14.50865736263466
SENTINEL-5P             
1 42969U 17064A   22227.74997639  .00000020  00000+0  30328-4 0  9998
2 42969  98.7330 166.6932 0001175  80.1128 280.0180 14.19545676250733
SKYSAT-C11              
1 42987U 17068A   22227.29474439  .00006830  00000+0  18485-3 0  9994
2 42987  97.2969 345.8211 0001871 156.1734 203.9598 15.38010572267432
SKYSAT-C10              
1 42988U 17068B   22227.32738596  .00006894  00000+0  18633-3 0  9991
2 42988  97.3018 346.1325 0002686 124.2404 235.9096 15.38048614267463
SKYSAT-C9               
1 42989U 17068C   22227.57604669  .00007323  00000+0  19820-3 0  9999
2 42989  97.2955 345.4842 0001739 104.8209 255.3229 15.37983659267699
SKYSAT-C8               
1 42990U 17068D   22227.56854668  .00007563  00000+0  20404-3 0  9992
2 42990  97.3029 346.7955 0004492 143.7776 216.3774 15.38064906267523
SKYSAT-C7               
1 42991U 17068E   22227.28624272  .00007047  00000+0  19058-3 0  9998
2 42991  97.3034 346.5921 0002578 160.4066 199.7278 15.38021499267480
SKYSAT-C6               
1 42992U 17068F   22227.27659886  .00006952  00000+0  18804-3 0  9999
2 42992  97.3053 346.9808 0002174 145.0079 215.1310 15.38020677267493
CARTOSAT-2F             
1 43111U 18004A   22227.84543838  .00002686  00000+0  13051-3 0  9995
2 43111  97.4447 287.4295 0004199 167.5073 320.6973 15.19298155254564
NUSAT-4 (ADA)           
1 43195U 18015D   22227.86758480  .00009775  00000+0  32215-3 0  9991
2 43195  97.5418   9.8698 0014072 191.9192 320.6233 15.31580803252321
NUSAT-5 (MARYAM)        
1 43204U 18015K   22227.84878448  .00010020  00000+0  32607-3 0  9997
2 43204  97.5423  10.4686 0013627 193.3183 323.8245 15.31986019251959
GAOFEN 1-02             
1 43259U 18031A   22227.81433612 -.00003949  00000+0 -56043-3 0  9996
2 43259  97.8982 303.1188 0003804 150.7676 209.3790 14.76479610235903
GAOFEN 1-03             
1 43260U 18031B   22227.79253844  .00000478  00000+0  75673-4 0  9995
2 43260  97.8971 303.0618 0004470 242.0640 118.0118 14.76551417235890
GAOFEN 1-04             
1 43262U 18031D   22227.83572483  .00000448  00000+0  71471-4 0  9994
2 43262  97.8983 303.1441 0004418 186.3994 173.7150 14.76539924235897
SENTINEL-3B             
1 43437U 18039A   22227.22298103  .00000051  00000+0  39310-4 0  9999
2 43437  98.6252 293.7018 0001549  87.6697 272.4661 14.26734935224210
GAOFEN 5-01             
1 43461U 18043A   22227.57940256  .00000199  00000+0  53341-4 0  9995
2 43461  98.2715 167.7775 0003132 100.4477 259.7074 14.58011568227277
GAOFEN 6                
1 43484U 18048A   22227.80052474  .00000418  00000+0  67263-4 0  9999
2 43484  97.9280 307.0412 0009406  22.2401 337.9215 14.76502995226599
GAOFEN 11-1             
1 43585U 18063A   22227.92852791  .00003623  00000+0  15365-3 0  9997
2 43585  97.3172 302.5825 0014072 326.2110 148.9874 15.23658632225449
AEOLUS                  
1 43600U 18066A   22227.65028236  .00078629  00000+0  30552-3 0  9990
2 43600  96.7014 232.5214 0009756  85.3780 274.8607 15.86864051230518
ICESAT-2                
1 43613U 18070A   22227.84196218  .00001831  00000+0  66325-4 0  9995
2 43613  92.0023 274.2086 0006297 105.6400 254.5545 15.28273026218449
HYSIS                   
1 43719U 18096A   22227.78201220  .00000681  00000+0  99950-4 0  9995
2 43719  97.9546 293.1797 0002535  34.7208 325.4155 14.78663639200328
KAZSTSAT                
1 43783U 18099AB  22227.17384697  .00000444  00000+0  46752-4 0  9991
2 43783  97.6261 290.8376 0009371  76.5732 283.6533 14.94038418201570
SAUDISAT 5A             
1 43831U 18102A   22227.89451044  .00001937  00000+0  12502-3 0  9993
2 43831  97.4938 299.7201 0013447 340.6470 132.3761 15.09379063203140
SAUDISAT 5B             
1 43833U 18102C   22227.90005652  .00001873  00000+0  11952-3 0  9994
2 43833  97.4959 300.7168 0014595 346.1542 124.7877 15.09824794203190
GAOFEN 10R              
1 44622U 19066A   22227.81649991  .00000736  00000+0  10202-3 0  9995
2 44622  97.8941 166.1868 0001983 138.4579 221.6783 14.80865847154798
CARTOSAT-3              
1 44804U 19081A   22227.78682197  .00002258  00000+0  11003-3 0  9996
2 44804  97.3935 288.1417 0013214  16.1357  92.8411 15.19285310150649
GAOFEN 12-1             
1 44819U 19082A   22227.81999422  .00000243  00000+0  38638-4 0  9995
2 44819  97.8597 246.9829 0001543  74.0762 286.0619 14.80260216146724
CSG-1                   
1 44873U 19092A   22227.80267394  .00000379  00000+0  54104-4 0  9997
2 44873  97.8888  50.6117 0001421  82.2183 277.9183 14.82160370143892
NUSAT-7 (SOPHIE)        
1 45017U 20003B   22227.87592719  .00009659  00000+0  27702-3 0  9994
2 45017  97.2111 288.4842 0013196 140.9824 329.4865 15.35996276144340
NUSAT-8 (MARIE)         
1 45018U 20003C   22227.83187986  .00011944  00000+0  31028-3 0  9993
2 45018  97.2251 290.4976 0011699 140.5820 331.1606 15.39031688144394
NUSAT-6 (HYPATIA)       
1 46272U 20061A   22227.93676853  .00005575  00000+0  22236-3 0  9991
2 46272  97.3250 297.6548 0005806 210.3404 149.7497 15.25571312108296
NEMO-HD                 
1 46277U 20061F   22227.87427686  .00002069  00000+0  10570-3 0  9990
2 46277  97.3883 297.1009 0001764  29.6583  96.5308 15.17776526107876
NUSAT-12 (DOROTHY)      
1 46827U 20079A   22227.88544432  .00012023  00000+0  31503-3 0  9990
2 46827  97.1944 296.8016 0009402  89.3919  23.7968 15.38788930 99240
NUSAT-9 (ALICE)         
1 46828U 20079B   22227.87051869  .00012547  00000+0  32409-3 0  9994
2 46828  97.1824 296.3811 0004481 118.1840   6.9201 15.39252805 99287
NUSAT-11 (CORA)         
1 46829U 20079C   22227.87119642  .00012485  00000+0  32123-3 0  9993
2 46829  97.1873 296.7229 0007837 100.9506  26.7408 15.39353852 99277
NUSAT-15 (KATHERINE)    
1 46830U 20079D   22227.86004112  .00012174  00000+0  31454-3 0  9990
2 46830  97.2021 297.9726 0005176  78.6977  32.7200 15.39249194 99288
NUSAT-14 (HEDY)         
1 46831U 20079E   22227.81203432  .00013236  00000+0  33184-3 0  9994
2 46831  97.1984 297.7720 0009026  89.1264  61.8602 15.40121362 99289
NUSAT-10 (CAROLINE)     
1 46832U 20079F   22227.82443029  .00011382  00000+0  29624-3 0  9998
2 46832  97.1989 297.4700 0008646  99.1520   9.8427 15.39017696 99260
NUSAT-13 (EMMY)         
1 46833U 20079G   22227.89164663  .00011088  00000+0  29062-3 0  9999
2 46833  97.1983 297.5129 0008898  99.8965  16.9317 15.38806183 99274
NUSAT-17 (MARY)         
1 46835U 20079J   22227.80693427  .00011502  00000+0  30340-3 0  9999
2 46835  97.1980 297.1786 0009140 110.0178  38.4524 15.38596807 99246
NUSAT-18 (VERA)         
1 46836U 20079K   22227.89663826  .00011875  00000+0  30794-3 0  9995
2 46836  97.1996 297.7066 0009707 116.4232   0.8195 15.39108411 99283
NUSAT-16 (LISE)         
1 46840U 20079P   22227.86129228  .00012277  00000+0  31857-3 0  9998
2 46840  97.2036 297.7877 0006961 109.5734   1.8172 15.39103105 99273
SENTINEL-6              
1 46984U 20086A   22227.77861646 -.00000061  00000+0  00000+0 0  9993
2 46984  66.0423 165.8031 0007977 264.5657  95.4452 12.80930267 80963
GAOFEN 12-2             
1 48079U 21026A   22227.84999384  .00000225  00000+0  36279-4 0  9997
2 48079  97.8964 217.5672 0001335  84.3037 275.8318 14.80248462 74419
PLEIADES NEO 3          
1 48268U 21034A   22227.81938765 -.00000107  00000+0 -69573-5 0  9994
2 48268  97.8941 301.6978 0001519  82.8641 277.2784 14.81671747 70142
NUSAT-19 (ROSALIND)     
1 48905U 21059AC  22227.87722146  .00005362  00000+0  25280-3 0  9990
2 48905  97.5154 357.3362 0008898 221.9794 236.8135 15.19882579 63096
NUSAT-22 (SOFYA)        
1 48919U 21059AS  22227.61228516 -.00447781  00000+0 -14819-1 0  9990
2 48919  97.3665 359.4166 0011523 180.6348 241.5542 15.33094555 63625
NUSAT-21 (ELISA)        
1 48920U 21059AT  22227.78548227  .00006401  00000+0  18041-3 0  9995
2 48920  97.3557 359.0807 0011899 187.1648 293.8423 15.36712466 63658
NUSAT-20 (GRACE)        
1 48921U 21059AU  22227.90533616  .00011290  00000+0  32894-3 0  9990
2 48921  97.3714 359.6675 0014734 207.3271 251.3915 15.35445572 63667
PLEIADES NEO 4          
1 49070U 21073E   22227.78561002 -.00000203  00000+0 -19153-4 0  9996
2 49070  97.8929 301.6583 0001452  83.5983 276.5424 14.81671049 53852
LANDSAT 9               
1 49260U 21088A   22227.17135246  .00000198  00000+0  54047-4 0  9995
2 49260  98.2242 296.6639 0001580  96.6451 263.4927 14.57105465 46838
CSG-2                   
1 51444U 22008A   22227.76892238  .00000217  00000+0  33792-4 0  9997
2 51444  97.8885  50.5770 0001470  83.8616 276.2770 14.82159318 29007
INS-2TD                 
1 51658U 22013C   22227.65999328  .00004359  00000+0  23623-3 0  9998
2 51658  97.5558 235.4403 0010300   0.5444 359.5797 15.15080322 27638
