SARSAT 7 (NOAA 15)      
1 25338U 98030A   22227.84429075  .00000116  00000+0  66519-4 0  9993
2 25338  98.6414 256.5945 0011427 121.6815 238.5480 14.26161327261484
METEOSAT-8 (MSG-1)      
1 27509U 02040B   22225.69852733  .00000117  00000+0  00000+0 0  9992
2 27509   8.1411  50.3386 0001657 107.4440  97.3373  1.00264874 73187
GPS BIIR-08             
1 27663U 03005A   22227.19533227 -.00000009  00000+0  00000+0 0  9997
2 27663  55.4731 270.7280 0125465  41.1073  28.3154  2.00561123143197
GPS BIIR-11             
1 28190U 04009A   22227.38581712 -.00000094  00000+0  00000+0 0  9995
2 28190  55.9671 331.7190 0090268 123.8649 237.9975  2.00559190134839
GPS BIIR-13             
1 28474U 04045A   22227.52810955 -.00000095  00000+0  00000+0 0  9991
2 28474  55.3723  21.0767 0201598 279.6534  79.4271  2.00422998130321
SARSAT 10 (NOAA 18)     
1 28654U 05018A   22227.76845438  .00000172  00000+0  11662-3 0  9997
2 28654  98.9460 298.1492 0014760 160.2446 199.9300 14.12764609888352
GPS BIIR-14M            
1 28874U 05038A   22227.35200684 -.00000092  00000+0  00000+0 0  9998
2 28874  56.0307 329.1574 0138645 274.6960  87.9395  2.00572688123728
METEOSAT-9 (MSG-2)      
1 28912U 05049B   22225.69939932  .00000109  00000+0  00000+0 0  9991
2 28912   6.1449  65.9309 0000375 349.8403 203.8282  1.00276364 60961
GOES 13                 
1 29155U 06018A   22226.99042832  .00000021  00000+0  00000+0 0  9999
2 29155   0.7380  96.5501 0005592  97.8936 186.8239  1.00274093 29319
GPS BIIR-16M            
1 29601U 06052A   22227.41046485 -.00000008  00000+0  00000+0 0  9995
2 29601  55.4816 269.6598 0082668  74.9610 286.0177  2.00554300115299
GPS BIIR-17M            
1 32260U 07047A   22227.22196568 -.00000005  00000+0  00000+0 0  9999
2 32260  53.3279 138.1090 0142055  63.6914 297.7907  2.00571412108699
GPS BIIR-18M            
1 32384U 07062A   22227.78228211 -.00000095  00000+0  00000+0 0  9994
2 32384  56.1512 329.9093 0021083 142.6670  30.8582  2.00565478107402
SARSAT 12 (NOAA 19)     
1 33591U 09005A   22227.84728722  .00000115  00000+0  87162-4 0  9994
2 33591  99.1445 263.2211 0014240  25.4409 334.7460 14.12598837696575
GOES 14                 
1 35491U 09033A   22227.48601719 -.00000107  00000+0  00000+0 0  9995
2 35491   0.4537  94.4532 0014693 117.4630 182.3558  1.00272122 48051
GOES 15                 
1 36411U 10008A   22227.61565470  .00000039  00000+0  00000+0 0  9993
2 36411   0.4337 276.2681 0004751 243.7083 257.5672  1.00271977 45614
GPS BIIF-2              
1 37753U 11036A   22227.41929120 -.00000089  00000+0  00000+0 0  9995
2 37753  56.6329  26.4098 0118517  53.1776   8.0361  2.00565714 81163
GSAT0101 (GALILEO-PFM)  
1 37846U 11060A   22226.32371603 -.00000092  00000+0  00000+0 0  9995
2 37846  57.0185  19.7646 0002803  65.8981 294.1285  1.70474947 67208
GSAT0102 (GALILEO-FM2)  
1 37847U 11060B   22227.42739712 -.00000093  00000+0  00000+0 0  9998
2 37847  57.0194  19.7343 0001682  15.0567 349.0531  1.70475349 67238
LUCH 5A                 
1 37951U 11074B   22227.60369336 -.00000063  00000+0  00000+0 0  9997
2 37951   5.1622  96.5787 0005080  24.3521 227.3555  1.00269252 39137
METEOSAT-10 (MSG-3)     
1 38552U 12035B   22225.69216169  .00000041  00000+0  00000+0 0  9990
2 38552   1.6067  44.3385 0000733  52.5636 123.5578  1.00269641 36786
SARSAT 13 (METOP-B)     
1 38771U 12049A   22227.83216175  .00000060  00000+0  47290-4 0  9991
2 38771  98.6916 286.6942 0000659 132.5125 335.4182 14.21501444514173
GPS BIIF-3              
1 38833U 12053A   22227.81730631  .00000039  00000+0  00000+0 0  9990
2 38833  53.5290 200.9192 0126398  46.7546 314.2623  2.00562518 71339
GSAT0103 (GALILEO-FM3)  
1 38857U 12055A   22226.94973428 -.00000013  00000+0  00000+0 0  9997
2 38857  55.1524 140.0911 0003415 269.6302  90.3558  1.70473715 61105
GSAT0104 (GALILEO-FM4)  
1 38858U 12055B   22226.91975623 -.00000013  00000+0  00000+0 0  9994
2 38858  55.1525 140.0936 0001027 268.3083  91.7049  1.70473989 61106
GPS BIIF-4              
1 39166U 13023A   22227.17711936 -.00000088  00000+0  00000+0 0  9999
2 39166  55.6557 325.5139 0103955  38.6233 322.1521  2.00565500 67761
INSAT-3D                
1 39216U 13038B   22226.98534194 -.00000173  00000+0  00000+0 0  9993
2 39216   0.0787 274.3817 0001405 272.8836 212.9596  1.00271925 33033
GPS BIIF-5              
1 39533U 14008A   22227.17839790  .00000034  00000+0  00000+0 0  9990
2 39533  53.6221 206.4576 0060749 209.8223 149.8035  2.00556766 61561
LUCH 5V                 
1 39727U 14023A   22227.22759097 -.00000284  00000+0  00000+0 0  9997
2 39727   1.6330  76.2076 0003681  86.7922 337.2387  1.00269388 30309
GPS BIIF-6              
1 39741U 14026A   22227.46040270 -.00000089  00000+0  00000+0 0  9991
2 39741  56.5937  25.9341 0026210 305.7740  53.9910  2.00551799 60429
GPS BIIF-7              
1 40105U 14045A   22227.04406298  .00000002  00000+0  00000+0 0  9992
2 40105  54.7030 144.4656 0021402 111.0210 249.2272  2.00551199 57952
GSAT0201 (GALILEO 5)    
1 40128U 14050A   22226.42130023 -.00000109  00000+0  00000+0 0  9993
2 40128  50.2443 329.9738 1623780 126.1624 249.9843  1.85518945 52298
GSAT0202 (GALILEO 6)    
1 40129U 14050B   22227.22109299 -.00000113  00000+0  00000+0 0  9999
2 40129  50.2677 329.0042 1620812 127.0032 248.9631  1.85519591 54477
GPS BIIF-8              
1 40294U 14068A   22226.91722841 -.00000035  00000+0  00000+0 0  9993
2 40294  55.8588  85.6254 0042634  57.4418 303.0501  2.00575534 57081
GLONASS-K 2             
1 40315U 14075A   22227.24348571  .00000041  00000+0  00000+0 0  9992
2 40315  63.6828 239.1115 0019489 212.2472 216.4641  2.13101475 59980
GPS BIIF-9              
1 40534U 15013A   22227.06088448  .00000000  00000+0  00000+0 0  9997
2 40534  53.6682 262.2666 0069719  20.2240 340.1090  2.00548768 53702
GSAT0203 (GALILEO 7)    
1 40544U 15017A   22225.51745415 -.00000090  00000+0  00000+0 0  9994
2 40544  56.8123  19.8118 0002168 208.3205 151.6658  1.70475991 45272
GSAT0204 (GALILEO 8)    
1 40545U 15017B   22226.94345341 -.00000093  00000+0  00000+0 0  9990
2 40545  56.8194  19.7857 0002718 188.8481 171.1448  1.70475679  8343
GPS BIIF-10             
1 40730U 15033A   22227.22012199 -.00000088  00000+0  00000+0 0  9992
2 40730  55.1526 324.3131 0073830   7.8263 352.3275  2.00575243 51870
METEOSAT-11 (MSG-4)     
1 40732U 15034A   22225.69024328 -.00000025  00000+0  00000+0 0  9992
2 40732   0.4044  67.8289 0001280  32.1738 110.3548  1.00267223 25951
GSAT0205 (GALILEO 9)    
1 40889U 15045A   22227.29728009  .00000017  00000+0  00000+0 0  9992
2 40889  55.5888 260.3372 0003592 347.4719  12.5776  1.70473473 43110
GSAT0206 (GALILEO 10)   
1 40890U 15045B   22226.34488774  .00000020  00000+0  00000+0 0  9995
2 40890  55.5860 260.3596 0002512 316.4089  43.6352  1.70473539 43126
GPS BIIF-11             
1 41019U 15062A   22226.76837207 -.00000034  00000+0  00000+0 0  9999
2 41019  55.8465  85.4754 0079240 217.4603 142.0637  2.00562663 49701
ELEKTRO-L 2             
1 41105U 15074A   22226.81449149 -.00000133  00000+0  00000+0 0  9998
2 41105   3.1302  87.4694 0002350  76.3227  78.1652  1.00271967 24454
GSAT0209 (GALILEO 12)   
1 41174U 15079A   22227.10565082 -.00000013  00000+0  00000+0 0  9994
2 41174  55.1690 139.7910 0003922 318.8840  41.1128  1.70473934 40877
GSAT0208 (GALILEO 11)   
1 41175U 15079B   22226.15194819 -.00000013  00000+0  00000+0 0  9995
2 41175  55.1671 139.8157 0003217 319.8498  40.1484  1.70473905 41275
GPS BIIF-12             
1 41328U 16007A   22227.35598738  .00000002  00000+0  00000+0 0  9995
2 41328  54.9190 145.1392 0062387 230.4435 129.0236  2.00568059 47728
GSAT0211 (GALILEO 14)   
1 41549U 16030A   22226.27115043  .00000020  00000+0  00000+0 0  9990
2 41549  55.7346 260.3007 0005298 296.6002  63.4100  1.70474937 38739
GSAT0210 (GALILEO 13)   
1 41550U 16030B   22225.97717352  .00000022  00000+0  00000+0 0  9991
2 41550  55.7321 260.3103 0004434 272.6249  87.3908  1.70475145 38743
INSAT-3DR               
1 41752U 16054A   22226.84297067 -.00000094  00000+0  00000+0 0  9994
2 41752   0.0525  97.0251 0010911 166.5659  77.1143  1.00271397 21755
GSAT0207 (GALILEO 15)   
1 41859U 16069A   22226.22594475 -.00000013  00000+0  00000+0 0  9994
2 41859  54.8295 139.9821 0003958 303.2493  56.7344  1.70472562 35487
GSAT0212 (GALILEO 16)   
1 41860U 16069B   22226.07936113 -.00000013  00000+0  00000+0 0  9998
2 41860  54.8268 139.9836 0002686 340.7511  19.2596  1.70472577 35736
GSAT0213 (GALILEO 17)   
1 41861U 16069C   22227.03129957 -.00000014  00000+0  00000+0 0  9997
2 41861  54.8294 139.9625 0003527 278.8182  81.1674  1.70472752 35619
GSAT0214 (GALILEO 18)   
1 41862U 16069D   22227.17842323 -.00000014  00000+0  00000+0 0  9992
2 41862  54.8275 139.9529 0002632 285.1439  74.8530  1.70472585 35742
GOES 16                 
1 41866U 16071A   22227.43902302 -.00000263  00000+0  00000+0 0  9998
2 41866   0.0554 268.2303 0000695 284.8577 213.5686  1.00271454 21059
GSAT-17                 
1 42815U 17040B   22226.65084008 -.00000275  00000+0  00000+0 0  9990
2 42815   0.0746  98.9926 0002897 129.9541  61.8856  1.00271259 18728
GSAT0215 (GALILEO 19)   
1 43055U 17079A   22226.49546795  .00000020  00000+0  00000+0 0  9994
2 43055  55.7077 260.1260 0003969 266.6859  93.3314  1.70474315 29079
GSAT0216 (GALILEO 20)   
1 43056U 17079B   22225.02791759  .00000028  00000+0  00000+0 0  9993
2 43056  55.7087 260.1665 0005575 271.6068  88.4025  1.70474413 29065
GSAT0217 (GALILEO 21)   
1 43057U 17079C   22222.90185719  .00000046  00000+0  00000+0 0  9991
2 43057  55.7075 260.2247 0004985 281.2156  78.8145  1.70474380 29013
GSAT0218 (GALILEO 22)   
1 43058U 17079D   22227.22793487  .00000018  00000+0  00000+0 0  9998
2 43058  55.7057 260.1028 0006158 269.5172  90.4707  1.70474353 29116
GOES 17                 
1 43226U 18022A   22227.60405774  .00000083  00000+0  00000+0 0  9997
2 43226   0.0926 271.0822 0000370 237.3203 255.7111  1.00272486 16366
GSAT0221 (GALILEO 25)   
1 43564U 18060A   22226.54008792 -.00000092  00000+0  00000+0 0  9996
2 43564  57.1959  19.6145 0001766 250.0238 109.9542  1.70475898 25260
GSAT0222 (GALILEO 26)   
1 43565U 18060B   22227.34654385 -.00000092  00000+0  00000+0 0  9991
2 43565  57.1984  19.5931 0001145 267.1814  92.8029  1.70475917 25319
GSAT0219 (GALILEO 23)   
1 43566U 18060C   22224.04758852 -.00000085  00000+0  00000+0 0  9992
2 43566  57.1975  19.6842 0000751 263.4627  96.5297  1.70475822 25239
GSAT0220 (GALILEO 24)   
1 43567U 18060D   22225.44090929 -.00000089  00000+0  00000+0 0  9996
2 43567  57.1961  19.6462 0001122 244.7399 115.2463  1.70475529 25243
BEIDOU-3 M13            
1 43622U 18072A   22227.34274675 -.00000024  00000+0  00000+0 0  9993
2 43622  55.5114 109.3772 0006291 296.6876 283.2166  1.86231948 26548
BEIDOU-3 M14            
1 43623U 18072B   22227.20160091 -.00000023  00000+0  00000+0 0  9994
2 43623  55.5136 109.3734 0004392 327.4572 248.0512  1.86231966 26541
GPS BIII-1              
1 43873U 18109A   22227.25667976  .00000004  00000+0  00000+0 0  9999
2 43873  55.0989 147.5742 0019784 191.5115 351.6631  2.00552869 26959
METEOR-M2 2             
1 44387U 19038A   22227.88865466 -.00000006  00000+0  16624-4 0  9992
2 44387  98.7269 188.2044 0002404  96.6223 263.5230 14.23716841161864
GPS BIII-2              
1 44506U 19056A   22226.88109414 -.00000090  00000+0  00000+0 0  9997
2 44506  55.7063  26.7255 0026911 178.4601 353.1656  2.00557799 21949
BEIDOU-3 M23            
1 44542U 19061A   22226.18667218  .00000031  00000+0  00000+0 0  9991
2 44542  54.5715 230.1500 0008632 325.0470  34.9020  1.86231396 19668
BEIDOU-3 M24            
1 44543U 19061B   22227.36010935  .00000036  00000+0  00000+0 0  9996
2 44543  54.5684 230.0800 0006285 306.7720  31.3022  1.86231819 19676
BEIDOU-3 M21            
1 44793U 19078A   22226.95876787 -.00000111  00000+0  10000-3 0  9990
2 44793  54.9518 348.6042 0005676  22.7306 239.3753  1.86232382 18536
BEIDOU-3 M22            
1 44794U 19078B   22227.24131844 -.00000112  00000+0  00000+0 0  9998
2 44794  54.9257 348.5849 0003651  22.5883 340.7241  1.86232866 18547
ELEKTRO-L 3             
1 44903U 19095A   22226.92677528 -.00000114  00000+0  00000+0 0  9999
2 44903   0.0864 295.3024 0001606 209.0361 228.6222  1.00272245  9645
GPS BIII-3              
1 45854U 20041A   22226.96899887 -.00000038  00000+0  00000+0 0  9991
2 45854  55.5660  83.9906 0024819 176.7108 354.9005  2.00558078 15911
GPS BIII-4              
1 46826U 20078A   22227.53277878 -.00000007  00000+0  00000+0 0  9991
2 46826  54.5293 267.6972 0022501 190.5829   4.6432  2.00565086 13396
GSAT0223 (GALILEO 27)   
1 49809U 21116A   22226.47850171 -.00000092  00000+0  00000+0 0  9998
2 49809  57.1903  19.5164 0003170 152.5321 214.2841  1.70475863  4279
GSAT0224 (GALILEO 28)   
1 49810U 21116B   22227.46003324 -.00000093  00000+0  00000+0 0  9991
2 49810  57.1912  19.4876 0002875 140.6587 221.0235  1.70475899  4309
