CRE (WAAS/PRN 138)      
1 28868U 05036A   22227.64082782 -.00000089  00000+0  00000+0 0  9994
2 28868   0.7063  93.2796 0002878  27.3063 326.8043  1.00271601 32393
IOR-W (EGNOS/PRN 126)   
1 28899U 05044A   22226.88694263 -.00000006  00000+0  00000+0 0  9994
2 28899   3.5440  37.8809 0003012 116.6250 191.9531  1.00271898 61457
QZS-1 (QZSS/PRN 183)    
1 37158U 10045A   22227.30943153 -.00000213  00000+0  00000+0 0  9992
2 37158  42.3929 132.5761 0764785 270.9140 168.4278  1.00242376 43682
GSAT-8 (GAGAN/PRN 127)  
1 37605U 11022A   22227.80293662  .00000070  00000+0  00000+0 0  9993
2 37605   0.0215 127.1228 0003640 124.2827  56.8918  1.00271258 39165
LUCH 5A (SDCM/PRN 140)  
1 37951U 11074B   22227.60369336 -.00000063  00000+0  00000+0 0  9997
2 37951   5.1622  96.5787 0005080  24.3521 227.3555  1.00269252 39137
SES-5 (EGNOS/PRN 136)   
1 38652U 12036A   22227.72517757  .00000019  00000+0  00000+0 0  9990
2 38652   0.0538 289.8280 0002075 213.0963  87.1985  1.00271442 30436
GSAT-10 (GAGAN/PRN 128) 
1 38779U 12051B   22226.98534194 -.00000181  00000+0  00000+0 0  9999
2 38779   0.0186 154.6914 0001809  29.7638 216.6536  1.00270306 36056
LUCH 5B (SDCM/PRN 125)  
1 38977U 12061A   22226.01312176 -.00000153  00000+0  00000+0 0  9997
2 38977   7.4121  62.1952 0005828  70.4266 178.2206  1.00270851 36104
ASTRA 5B (EGNOS/PRN 123)
1 39617U 14011B   22225.59771678  .00000136  00000+0  00000+0 0  9994
2 39617   0.0381 354.4032 0003996 155.2509  58.9871  1.00271800 30599
LUCH 5V (SDCM/PRN 141)  
1 39727U 14023A   22227.22759097 -.00000284  00000+0  00000+0 0  9997
2 39727   1.6330  76.2076 0003681  86.7922 337.2387  1.00269388 30309
GSAT-15 (GAGAN/PRN 139) 
1 41028U 15065A   22226.81129789 -.00000275  00000+0  00000+0 0  9994
2 41028   0.0439 106.6023 0003448   8.3843 233.7778  1.00271574 24747
E 117 W B (WAAS/PRN 131)
1 41589U 16038B   22227.62904095 -.00000026  00000+0  00000+0 0  9992
2 41589   0.0158 236.9100 0000163 144.6427  51.9006  1.00270888 22618
SES-15 (WAAS/PRN 133)   
1 42709U 17026A   22227.52821792  .00000044  00000+0  00000+0 0  9995
2 42709   0.0361 319.3965 0000601 197.7097 227.7982  1.00273037 20087
QZS-2 (QZSS/PRN 184)    
1 42738U 17028A   22227.43155703 -.00000164  00000+0  00000+0 0  9995
2 42738  41.6764 263.3368 0754759 269.8375  87.1659  1.00271080 19096
QZS-3 (QZSS/PRN 189)    
1 42917U 17048A   22226.90996177 -.00000365  00000+0  00000+0 0  9998
2 42917   0.0729 227.8325 0001169 296.3512 253.7254  1.00273444 18199
QZS-4 (QZSS/PRN 185)    
1 42965U 17062A   22226.60040001 -.00000359  00000+0  00000+0 0  9993
2 42965  40.7570   1.3720 0746618 268.9482  46.1030  1.00291278 17748
GALAXY 30 (WAAS/PRN 135)
1 46114U 20056C   22227.22745378  .00000021  00000+0  00000+0 0  9993
2 46114   0.0145  95.4516 0002684  67.6624 117.3717  1.00272865  7239
