HST                     
1 20580U 90037B   22227.16532924  .00001775  00000+0  93532-4 0  9996
2 20580  28.4694 139.7101 0002406 309.7029 165.6713 15.10757998575103
POLAR                   
1 23802U 96013A   22227.32552025  .00000254  00000+0  00000+0 0  9992
2 23802  78.7812 241.0312 5798388 256.8654  35.7377  1.29847381126652
SWAS                    
1 25560U 98071A   22227.39554791  .00000865  00000+0  87538-4 0  9994
2 25560  69.8975 197.6516 0010361 242.7835 117.2266 14.94911714286834
CXO                     
1 25867U 99040B   22228.87116354  .00000417  00000+0  00000+0 0  9991
2 25867  43.6848 230.2227 8880497 237.1536   0.7580  0.37807153 12032
XMM-NEWTON              
1 25989U 99066A   22228.32562291  .00000028  00000+0  00000+0 0  9997
2 25989  69.9575 303.6252 5954072  86.0972   0.1880  0.50130769 30349
TERRA                   
1 25994U 99068A   22227.81297314  .00000216  00000+0  57708-4 0  9990
2 25994  98.1337 298.3626 0001633  90.0464  19.4448 14.57136963205264
CLUSTER II-FM7 (SAMBA)  
1 26410U 00041A   22227.70693349  .00000054  00000+0  00000+0 0  9991
2 26410 134.4730 348.3583 5782329 200.4308 359.5927  0.44198470 14084
CLUSTER II-FM6 (SALSA)  
1 26411U 00041B   22229.91175808  .00000257  00000+0  00000+0 0  9997
2 26411 137.0304 352.4107 7452781 205.4410 359.3516  0.44219795 25152
CLUSTER II-FM5 (RUMBA)  
1 26463U 00045A   22229.91676095  .00000323  00000+0  00000+0 0  9996
2 26463 140.5333 352.7069 6960872 206.3143 359.4021  0.44219321 26425
CLUSTER II-FM8 (TANGO)  
1 26464U 00045B   22229.92306337  .00000028  00000+0  00000+0 0  9999
2 26464 134.4750 348.3773 5783191 200.4580 359.4052  0.44218961 14093
ODIN                    
1 26702U 01007A   22227.75656150  .00002011  00000+0  12620-3 0  9992
2 26702  97.5197 241.4254 0012554  85.6347 274.6316 15.10374906175221
TIMED                   
1 26998U 01055B   22227.78218909  .00000592  00000+0  67365-4 0  9990
2 26998  74.0729 161.4426 0001286 305.2247  54.8813 14.88749268121830
RHESSI                  
1 27370U 02004A   22227.53055719  .00022331  00000+0  44691-3 0  9992
2 27370  38.0330 353.3688 0007176 352.3988   7.6677 15.46005021135751
INTEGRAL                
1 27540U 02048A   22227.31272529 -.00000222  00000+0  00000+0 0  9993
2 27540  76.8768  55.8089 8894523 297.7048 194.9940  0.37565236 21368
CORIOLIS                
1 27640U 03001A   22227.77226674  .00000030  00000+0  35090-4 0  9992
2 27640  98.7181 235.8004 0013086 288.8001 245.4923 14.19144069 15398
SORCE                   
1 27651U 03004A   22227.78500356  .00000728  00000+0  87786-4 0  9993
2 27651  39.9942 246.1728 0022938 172.7742 187.3382 14.90035738 61923
MOST                    
1 27843U 03031D   22227.79527985  .00000019  00000+0  28889-4 0  9996
2 27843  98.7083 234.5274 0009623 343.5617  16.5246 14.20695252991679
SCISAT 1                
1 27858U 03036A   22227.82099517  .00000271  00000+0  42899-4 0  9993
2 27858  73.9320  66.8713 0006765  92.7325 267.4623 14.77607257 24214
SWIFT                   
1 28485U 04047A   22227.76419615  .00002746  00000+0  14957-3 0  9993
2 28485  20.5560 253.9337 0010374 332.4431  27.5453 15.06709843972506
CLOUDSAT                
1 29107U 06016A   22227.83628778  .00000174  00000+0  43482-4 0  9992
2 29107  98.3322 188.5481 0004492 113.5632 246.6042 14.63017113867870
CALIPSO                 
1 29108U 06016B   22227.83572221  .00000574  00000+0  12141-3 0  9995
2 29108  98.3293 188.0916 0001324  84.0722 276.0630 14.63019687867709
HINODE (SOLAR-B)        
1 29479U 06041A   22227.80029447  .00000356  00000+0  75513-4 0  9999
2 29479  98.1207 242.2099 0019399  42.4985 317.7716 14.64880203849448
SJ-6C                   
1 29505U 06046A   22227.67900869  .00001996  00000+0  18177-3 0  9998
2 29505  97.7755 248.3190 0002887 290.5301  69.5617 14.96299900861553
SJ-6D                   
1 29506U 06046B   22227.81478693  .00001108  00000+0  10896-3 0  9995
2 29506  97.7949 248.5592 0002962  55.5101 304.6394 14.94122605861008
AGILE                   
1 31135U 07013A   22225.76554417  .00009378  00000+0  20401-3 0  9992
2 31135   2.4672 139.9588 0010379 276.5858  83.3015 15.38783532485798
AIM                     
1 31304U 07015A   22227.71851952  .00006003  00000+0  29510-3 0  9995
2 31304  97.8524 149.1584 0005414 152.8457 207.3060 15.18423788840182
FGRST (GLAST)           
1 33053U 08029A   22227.82137205  .00001531  00000+0  69173-4 0  9995
2 33053  25.5823 122.3054 0012174 147.2107 212.9185 15.12325460782694
WISE                    
1 36119U 09071A   22227.75673097  .00005045  00000+0  15451-3 0  9998
2 36119  97.2358 261.0105 0004089  95.3890 264.7819 15.34245253704592
SDO                     
1 36395U 10005A   22227.21456618 -.00000090  00000+0  00000+0 0  9998
2 36395  31.7648 108.2724 0001146 238.5086 311.9103  1.00276269 46006
CRYOSAT 2               
1 36508U 10013A   22227.80017459  .00000143  00000+0  34842-4 0  9998
2 36508  92.0351 298.5086 0006632  61.5197 298.6678 14.51897357654740
X-SAT                   
1 37389U 11015C   22227.86418459  .00000047  00000+0  38028-4 0  9993
2 37389  98.3324 258.1031 0014990 134.1217 226.1192 14.24433729588668
GCOM-W1 (SHIZUKU)       
1 38337U 12025A   22227.82338608  .00000276  00000+0  71307-4 0  9993
2 38337  98.2041 167.4243 0001580  77.0242 302.4523 14.57124770544968
NUSTAR                  
1 38358U 12031A   22227.84310633  .00002054  00000+0  13672-3 0  9999
2 38358   6.0265 291.5706 0010915 116.9613 243.1631 14.89529676553720
NEOSSAT                 
1 39089U 13009D   22227.80950517  .00000098  00000+0  49575-4 0  9992
2 39089  98.4213  62.6258 0012515  99.9423 260.3175 14.34682171495725
BRITE-AUSTRIA           
1 39091U 13009F   22227.81865630  .00000079  00000+0  42479-4 0  9992
2 39091  98.4043  63.5762 0011684 100.1617 260.0887 14.35290988495948
IRIS                    
1 39197U 13033A   22227.43186533  .00000493  00000+0  73044-4 0  9994
2 39197  97.9712  52.7564 0026948 195.4486 164.5906 14.79308348492699
HISAKI (SPRINT-A)       
1 39253U 13049A   22227.23644204  .00000074  00000+0  10132-4 0  9990
2 39253  29.7193 146.0272 0137333 173.5019 186.7366 13.55285476441083
CASSIOPE                
1 39265U 13055A   22227.81901637  .00007713  00000+0  20285-3 0  9996
2 39265  80.9642 204.3384 0619830 142.0437 222.6177 14.39519983460872
STSAT-3                 
1 39422U 13066G   22227.76372846  .00000894  00000+0  96176-4 0  9997
2 39422  97.4711 229.7252 0024217  84.2226 276.1783 14.90609785474671
SWARM B                 
1 39451U 13067A   22227.76899650  .00001543  00000+0  68781-4 0  9990
2 39451  87.7488  43.5533 0003062  87.6705 272.4890 15.20651662469941
SWARM A                 
1 39452U 13067B   22227.88250703  .00003060  00000+0  95305-4 0  9992
2 39452  87.3627 203.3041 0003161 104.5293 255.6309 15.32847763491039
SWARM C                 
1 39453U 13067C   22227.88241267  .00003116  00000+0  97092-4 0  9995
2 39453  87.3478 202.6554 0003152 104.5025 255.6576 15.32847831490994
BRITE-CA1 (TORONTO)     
1 40020U 14033L   22227.41424563  .00000373  00000+0  70841-4 0  9997
2 40020  97.7854  23.3944 0088142  75.7248 285.3726 14.67104572436305
OCO 2                   
1 40059U 14035A   22227.81603475  .00000240  00000+0  63230-4 0  9993
2 40059  98.2037 168.1445 0001298  84.0675 276.0671 14.57121592431978
BRITE-PL2 (HEWELIUSZ)   
1 40119U 14049B   22227.49743871  .00000710  00000+0  88950-4 0  9992
2 40119  97.8849 322.5230 0018285  52.2849 308.0020 14.85227685432777
RESURS P2               
1 40360U 14087A   22227.93410076  .00004217  00000+0  11816-3 0  9991
2 40360  97.2060 311.6664 0007746 228.1038 248.7632 15.37125344427396
MMS 1                   
1 40482U 15011A   22224.96116898 -.00002151  00000+0  00000+0 0  9994
2 40482  31.5417 101.5694 8758820  56.7219 118.7089  0.28354534 13456
MMS 2                   
1 40483U 15011B   22224.97141204 -.00002150  00000+0  00000+0 0  9994
2 40483  31.4735 101.3501 8754770  56.8924 119.6949  0.28338239 13435
MMS 3                   
1 40484U 15011C   22224.97413194 -.00002150  00000+0  00000+0 0  9995
2 40484  31.5374 101.5828 8758753  56.7093 120.0527  0.28354236 13434
MMS 4                   
1 40485U 15011D   22224.97555556 -.00002149  00000+0  00000+0 0  9993
2 40485  31.4721 101.3535 8754020  56.8965 120.0971  0.28338251 13437
ASTROSAT                
1 40930U 15052A   22225.54291158  .00001106  00000+0  65353-4 0  9990
2 40930   5.9965 131.1025 0009302 245.5849 114.3308 14.76703694371600
DAMPE                   
1 41173U 15078A   22227.81512815  .00000710  00000+0  31719-4 0  9995
2 41173  97.3795 217.6900 0013542 358.8130 121.2197 15.24524618370625
PISAT                   
1 41784U 16059B   22227.53631007  .00000379  00000+0  80767-4 0  9995
2 41784  97.9119 268.5761 0031270 345.3282  14.7010 14.63968539314338
HXMT (HUIYAN)           
1 42758U 17034A   22227.80330832  .00002275  00000+0  14799-3 0  9991
2 42758  43.0173  21.8596 0010422 293.3056 210.0843 15.10711663285154
FLYING LAPTOP           
1 42831U 17042G   22227.82249366  .00001363  00000+0  13978-3 0  9990
2 42831  97.4179  78.8128 0014275 162.5703 197.6003 14.91877793276944
PICSAT                  
1 43132U 18004X   22227.20986960  .00009384  00000+0  29922-3 0  9991
2 43132  97.3691 303.3112 0008530 141.8064 218.3784 15.32704198255402
ZHANGZHENG-1 (CSES)     
1 43194U 18015C   22227.87651438  .00005624  00000+0  25511-3 0  9996
2 43194  97.5297 358.5659 0009880 242.7872 216.1603 15.21190350251655
ICON                    
1 44628U 19068A   22227.59174831  .00001714  00000+0  14131-3 0  9996
2 44628  26.9887 282.0772 0017920 270.2052  89.6452 14.93036526155410
SALSAT                  
1 46495U 20068K   22227.81707062  .00001268  00000+0  94240-4 0  9999
2 46495  97.7311 169.1511 0018267  77.6925 282.6345 15.04713915103114
IXPE                    
1 49954U 21121A   22227.77512614  .00002143  00000+0  13379-3 0  9991
2 49954   0.2303 307.1196 0011070  85.5364 327.4127 14.91549284 37304
