LEMUR-1                 
1 40044U 14033AL  22227.77889996  .00000588  00000+0  92578-4 0  9996
2 40044  97.6591  53.1175 0057523 328.3459  31.4296 14.74946762438223
LEMUR-2-XIAOQING        
1 41871U 16062C   22227.10028263  .00019155  00000+0  48615-3 0  9990
2 41871  51.6346  66.5439 0004137 153.2975 206.8223 15.39675817318982
LEMUR-2-SOKOLSKY        
1 41872U 16062D   22227.84820995  .00012399  00000+0  31796-3 0  9999
2 41872  51.6774  72.8969 0001203 260.3272  99.7577 15.39730737319061
LEMUR-2-ANUBHAVTHAKUR   
1 41873U 16062E   22227.81376057  .00005493  00000+0  20865-3 0  9994
2 41873  51.6816 116.4902 0008187 127.2030 232.9699 15.28331667318413
LEMUR-2-WINGO           
1 41874U 16062F   22227.56756266  .00018815  00000+0  49690-3 0  9990
2 41874  51.6482  74.8972 0009311  77.3740 282.8285 15.38436393318924
LEMUR-2-JOBANPUTRA      
1 41991U 17008AV  22227.41127758  .00010968  00000+0  33723-3 0  9994
2 41991  97.2545 287.7507 0006853  41.5328 318.6435 15.33831048305216
LEMUR-2-SPIRE-MINIONS   
1 41992U 17008AW  22227.12753679  .00014443  00000+0  39191-3 0  9997
2 41992  97.2637 292.0444 0005381  31.6855 328.4713 15.37696592305426
LEMUR-2-SATCHMO         
1 41993U 17008AX  22227.16271399  .00009178  00000+0  29261-3 0  9992
2 41993  97.2569 287.9862 0006742  40.2622 319.9118 15.32721835305202
LEMUR-2-SMITA-SHARAD    
1 41994U 17008AY  22227.17880695  .00014135  00000+0  38411-3 0  9995
2 41994  97.2629 291.8637 0005522  30.1128 330.0434 15.37656415305423
LEMUR-2-RDEATON         
1 41995U 17008AZ  22227.13331590  .00008940  00000+0  28545-3 0  9991
2 41995  97.2592 288.1807 0007847  51.0430 309.1510 15.32676409305883
LEMUR-2-TACHIKOMA       
1 41996U 17008BA  22227.13593416  .00014302  00000+0  39364-3 0  9999
2 41996  97.2669 292.0700 0006523  46.6556 313.5231 15.37252090305299
LEMUR-2-NOGUECORREIG    
1 41997U 17008BB  22227.60530649  .00015938  00000+0  43021-3 0  9992
2 41997  97.2648 293.0210 0006573  41.5426 318.6317 15.37832013305503
LEMUR-2-MIA-GRACE       
1 41998U 17008BC  22227.39814242  .00008386  00000+0  26937-3 0  9999
2 41998  97.2574 288.0265 0007768  51.3414 308.8522 15.32504306305144
LEMUR-2-ANGELA          
1 42752U 17019B   22227.41133096  .00019411  00000+0  42207-3 0  9993
2 42752  51.6347 312.0318 0006501 282.4419  77.5840 15.44313181290281
LEMUR-2-JENNYBARNA      
1 42753U 17019C   22227.84553620  .00038841  00000+0  54966-3 0  9993
2 42753  51.6278 280.8265 0005772 315.2764  44.7762 15.56098631290692
LEMUR-2-ROBMOORE        
1 42754U 17019D   22227.61025855  .00014634  00000+0  32808-3 0  9998
2 42754  51.6348 312.5616 0005843 285.6656  74.3686 15.43633592290278
LEMUR-2-SPIROVISION     
1 42755U 17019E   22227.81628654  .00041828  00000+0  60400-3 0  9991
2 42755  51.6316 281.7537 0005426 315.4793 158.0645 15.55518427290596
LEMUR-2-SHAINAJOHL      
1 42771U 17036G   22227.89462305  .00011605  00000+0  37980-3 0  9992
2 42771  97.1974 267.8297 0013170 104.4809 255.7895 15.31751239286081
LEMUR-2-XUENITERENCE    
1 42772U 17036H   22227.34609087  .00013288  00000+0  41499-3 0  9992
2 42772  97.1896 267.4505 0012478 103.0214 257.2423 15.33229327286048
LEMUR-2-LUCYBRYCE       
1 42773U 17036J   22227.85133731  .00008982  00000+0  31810-3 0  9998
2 42773  97.2006 267.9668 0013541 105.3201 254.9538 15.29257375286041
LEMUR-2-KUNGFOO         
1 42774U 17036K   22227.88541651  .00012064  00000+0  39084-3 0  9993
2 42774  97.1966 268.2736 0012621 102.8018 257.4636 15.32075813286105
LEMUR-2-LYNSEY-SYMO     
1 42779U 17036Q   22227.34835623  .00013957  00000+0  41124-3 0  9994
2 42779  97.1999 272.3378 0010686 104.1028 256.1404 15.35084592286273
LEMUR-2-LISASAURUS      
1 42780U 17036R   22227.06512985  .00014596  00000+0  47747-3 0  9995
2 42780  97.2005 268.6328 0011320 111.4817 248.7634 15.31736476286026
LEMUR-2-SAM-AMELIA      
1 42781U 17036S   22227.85912777  .00009232  00000+0  31951-3 0  9997
2 42781  97.2006 270.1265 0011999 107.9863 252.2687 15.30019379286167
LEMUR-2-MCPEAKE         
1 42782U 17036T   22227.55699167  .00010831  00000+0  34205-3 0  9992
2 42782  97.1981 270.8167 0010897 106.3952 253.8489 15.32940861286219
LEMUR-2-GREENBERG       
1 42837U 17042N   22227.81390241  .00002150  00000+0  20714-3 0  9995
2 42837  97.4229  82.1508 0013169 152.0747 208.1183 14.93855791277134
LEMUR-2-ANDIS           
1 42838U 17042P   22227.54222117  .00002346  00000+0  22544-3 0  9992
2 42838  97.4211  81.8338 0013369 152.4996 207.6934 14.93870697277090
LEMUR-2-MONSON          
1 42839U 17042Q   22227.83816281  .00001584  00000+0  15475-3 0  9994
2 42839  97.4228  81.8674 0012963 151.9406 208.2516 14.93647507277119
LEMUR-2-FURIAUS         
1 42840U 17042R   22227.82688663  .00001932  00000+0  18945-3 0  9998
2 42840  97.4263  82.2202 0013366 152.4816 207.7115 14.93255530277111
LEMUR-2-PETERG          
1 42841U 17042S   22227.85772359  .00000881  00000+0  87934-4 0  9995
2 42841  97.4286  83.3485 0012826 147.9664 212.2339 14.93793927277185
LEMUR-2-DEMBITZ         
1 42842U 17042T   22227.83249566  .00001831  00000+0  17609-3 0  9990
2 42842  97.4260  83.1892 0012925 148.8207 211.3783 14.94086305277180
LEMUR-2-ZACHARY         
1 42845U 17042W   22227.87584847  .00002828  00000+0  26483-3 0  9998
2 42845  97.4145  82.3937 0013205 149.5809 210.6181 14.94749451277232
LEMUR-2-MCCAFFERTY      
1 43123U 18004N   22227.21729817  .00017534  00000+0  47598-3 0  9993
2 43123  97.3748 306.8017 0007774 131.3907 228.8007 15.37628692255599
LEMUR-2-PETERWEBSTER    
1 43124U 18004P   22227.19427096  .00015749  00000+0  43652-3 0  9998
2 43124  97.3744 306.4041 0007959 131.7387 228.4539 15.37004082255575
LEMUR-2-BROWNCOW        
1 43125U 18004Q   22227.47227587  .00020508  00000+0  52903-3 0  9991
2 43125  97.3799 308.4973 0007594 126.8060 233.3884 15.39172230255717
LEMUR-2-DAVEWILSON      
1 43126U 18004R   22227.44947686  .00020885  00000+0  53149-3 0  9999
2 43126  97.3783 308.2936 0007484 126.1073 234.0866 15.39584329255706
LEMUR-2-MARSHALL        
1 43165U 18010C   22227.83544457  .00015367  00000+0  51384-3 0  9999
2 43165  82.9151  10.0822 0026433 120.3999 239.9861 15.30519457253560
LEMUR-2-TALLHAMN-ATC    
1 43167U 18010E   22227.82728701  .00013220  00000+0  49907-3 0  9990
2 43167  82.9187  16.4361 0021496 143.7788 216.4912 15.26670538253175
LEMUR-2-JIN-LUEN        
1 43182U 18014C   22227.52257484  .00002237  00000+0  18686-3 0  9999
2 43182  97.6380 130.2281 0012885 103.9741 256.2915 14.99476030247746
LEMUR-2-URAMCHANSOL     
1 43183U 18014D   22227.46755344  .00003197  00000+0  26506-3 0  9997
2 43183  97.6395 130.3850 0014883 105.2667 255.0203 14.99442023247740
LEMUR-2-KADI            
1 43184U 18014E   22227.71756232  .00002065  00000+0  17481-3 0  9998
2 43184  97.6398 130.5033 0013595 100.7587 259.5167 14.99025354247774
LEMUR-2-THENICKMOLO     
1 43185U 18014F   22227.68149638  .00003526  00000+0  29344-3 0  9995
2 43185  97.6432 130.6924 0015896 101.4493 258.8516 14.99222047247772
LEMUR-2-VU              
1 43558U 18046E   22227.73896970  .00027463  00000+0  48468-3 0  9992
2 43558  51.6359 233.1380 0004937 272.6919  87.3504 15.50156359228734
LEMUR-2-ALEXANDER       
1 43559U 18046F   22227.72448594  .00030868  00000+0  51843-3 0  9991
2 43559  51.6364 230.8232 0004582 292.2775  67.7729 15.51493872228540
LEMUR-2-YUASA           
1 43560U 18046G   22227.24716013  .00023418  00000+0  40893-3 0  9990
2 43560  51.6369 235.8596 0005042 295.6201  64.4267 15.50551399228659
LEMUR-2-TOMHENDERSON    
1 43561U 18046H   22227.24736120  .00020535  00000+0  39165-3 0  9999
2 43561  51.6374 239.5660 0005246 288.8591  71.1828 15.48115332228165
LEMUR-2-ZUPANSKI        
1 43695U 18088F   22227.85736381  .00009326  00000+0  32001-3 0  9996
2 43695  85.0259 273.7973 0010451 274.6587  85.3465 15.29944534208980
LEMUR-2-CHANUSIAK       
1 43697U 18088H   22227.84474532  .00008239  00000+0  27330-3 0  9995
2 43697  85.0322 273.8105 0009836 245.4250 114.5972 15.31028012209109
LEMUR-2-ORZULAK         
1 43731U 18096N   22227.46249601  .00035696  00000+0  70255-3 0  9999
2 43731  97.3624 313.2552 0013267 189.6089 170.4910 15.47074171207369
LEMUR-2-KOBYSZCZE       
1 43732U 18096P   22227.77493607  .00036428  00000+0  70685-3 0  9992
2 43732  97.3636 314.0434 0013344 185.2762 174.8350 15.47480538207439
LEMUR-2-DULY            
1 43745U 18096AC  22227.23315046  .00024955  00000+0  51409-3 0  9992
2 43745  97.3632 313.1273 0014000 187.4280 172.6764 15.45803295207341
LEMUR-2-VLADIMIR        
1 43746U 18096AD  22227.19212062  .00037744  00000+0  68560-3 0  9998
2 43746  97.3617 313.9092 0012788 189.6733 170.4274 15.49379721207416
LEMUR-2-CHRISTINAHOLT   
1 43882U 18111G   22227.70309062  .00003253  00000+0  26748-3 0  9991
2 43882  97.6706 134.4367 0013917 103.4108 256.8667 14.99763172198645
LEMUR-2-TINYKEV         
1 43883U 18111H   22227.69896437  .00004792  00000+0  38940-3 0  9993
2 43883  97.6698 134.6222 0014381 101.4811 258.8028 14.99985199198652
LEMUR-2-REMY-COLTON     
1 43884U 18111J   22227.85358089  .00002155  00000+0  17710-3 0  9991
2 43884  97.6714 135.3045 0007947 132.4790 227.7106 15.00197569196708
LEMUR-2-GUSTAVO         
1 43885U 18111K   22227.69501069  .00003969  00000+0  32518-3 0  9999
2 43885  97.6696 134.7810 0015013 107.3709 252.9157 14.99765398198655
LEMUR-2-ZO              
1 43886U 18111L   22227.55065886  .00003362  00000+0  27572-3 0  9998
2 43886  97.6673 134.9221 0014965 117.3344 242.9405 14.99829704198646
LEMUR-2-NATALIEMURRAY   
1 43887U 18111M   22227.70961885  .00003119  00000+0  25512-3 0  9992
2 43887  97.6759 135.3896 0011675  92.2456 268.0104 15.00022592198687
LEMUR-2-SARAHBETTYBOO   
1 43888U 18111N   22227.66919415  .00002936  00000+0  24036-3 0  9996
2 43888  97.6686 135.5971 0011835 130.6598 229.5656 15.00024814198688
LEMUR-2-DAISY-HARPER    
1 43889U 18111P   22227.80096122  .00002830  00000+0  23165-3 0  9999
2 43889  97.6695 135.9208 0011416 132.1579 228.0616 15.00074335198703
LEMUR-2-JOHANLORAN      
1 44084U 19018G   22227.17500248  .00021873  00000+0  56833-3 0  9999
2 44084  97.3098 288.6300 0008143 249.8386 110.1984 15.38931416187800
LEMUR-2-BEAUDACIOUS     
1 44085U 19018H   22227.12462619  .00013208  00000+0  39932-3 0  9998
2 44085  97.3087 287.2721 0008779 260.7614  99.2637 15.34305445187717
LEMUR-2-ELHAM           
1 44086U 19018J   22227.65628234  .00017485  00000+0  48939-3 0  9992
2 44086  97.3120 289.2257 0008547 250.6689 109.3632 15.36671379187874
LEMUR-2-VICTOR-ANDREW   
1 44087U 19018K   22227.62117471  .00024142  00000+0  62118-3 0  9999
2 44087  97.3123 289.7498 0007919 245.7485 114.2934 15.39214704187903
LEMUR-2-LILLYJO         
1 44396U 19038L   22227.83471232  .00008914  00000+0  41154-3 0  9991
2 44396  97.6222 197.8367 0018433 279.2211  80.6938 15.20305712172099
LEMUR-2-WANLI           
1 44402U 19038S   22227.86649929  .00009130  00000+0  43107-3 0  9993
2 44402  97.6243 197.6234 0018890 281.1042  78.8068 15.19515773172082
LEMUR-2-MORAG           
1 44403U 19038T   22227.82222040  .00007820  00000+0  36496-3 0  9998
2 44403  97.6278 198.5106 0018020 284.4907  75.4328 15.19981324172104
LEMUR-2-DUSTINTHEWIND   
1 44405U 19038V   22227.67169822  .00008375  00000+0  39723-3 0  9993
2 44405  97.6240 197.2880 0018985 281.5762  78.3341 15.19382302172059
LEMUR-2-ALEX-MADDY      
1 44407U 19038X   22227.86792677  .00006665  00000+0  33331-3 0  9995
2 44407  97.6329 197.4199 0018931 289.7468  70.1723 15.17621502172014
LEMUR-2-EJATTA          
1 44409U 19038Z   22227.39725230  .00009348  00000+0  42675-3 0  9998
2 44409  97.6218 197.6972 0018341 278.4769  81.4387 15.20679502172061
LEMUR-2-GREGROBINSON    
1 44411U 19038AB  22227.76514505  .00007019  00000+0  33146-3 0  9999
2 44411  97.6291 198.4091 0018073 286.6586  73.2664 15.19613863171754
LEMUR-2-YNDRD           
1 44413U 19038AD  22227.70021466  .00005348  00000+0  27034-3 0  9996
2 44413  97.6315 197.0352 0018919 290.7160  69.2045 15.17341349171990
LEMUR-2-JPGSQUARED      
1 44855U 19089D   22227.77795999  .00005911  00000+0  43372-3 0  9997
2 44855  36.9654 105.9949 0006630 330.4533  29.5835 15.03222993146946
LEMUR-2-HIMOMANDDAD     
1 44860U 19089J   22227.82158056  .00005837  00000+0  43097-3 0  9997
2 44860  36.9652 107.2474 0007012 325.0545  34.9737 15.02995659146818
LEMUR-2-PAPPY           
1 44861U 19089K   22227.80560058  .00006815  00000+0  50239-3 0  9998
2 44861  36.9651 107.1099 0006834 325.1150  34.9144 15.02972792146875
LEMUR-2-THEODOSIA       
1 44863U 19089M   22227.75766119  .00005844  00000+0  42942-3 0  9993
2 44863  36.9647 106.7070 0007032 329.9325  30.1014 15.03173828146781
LEMUR-2-ETHANOAKES      
1 46298U 20061AC  22227.42884353  .00009403  00000+0  46391-3 0  9991
2 46298  97.4462 298.0101 0001580  68.3256 291.8146 15.18121655107451
LEMUR-2-OSCARLATOR      
1 46299U 20061AD  22227.41755445  .00009709  00000+0  47568-3 0  9996
2 46299  97.4467 298.0562 0001696  68.4147 291.7268 15.18353707107488
LEMUR-2-SCHMIDTFALL     
1 46315U 20061AV  22227.87974559  .00011187  00000+0  53868-3 0  9997
2 46315  97.4473 299.0032 0001215   2.0673 358.0566 15.18920249107627
LEMUR-2-DJUPROERA       
1 46316U 20061AW  22227.41610778  .00010512  00000+0  49896-3 0  9995
2 46316  97.4471 298.6499 0001292 356.4613   3.6612 15.19434743107561
LEMUR-2-SQUAREJAWS      
1 46317U 20061AX  22227.77037331  .00010904  00000+0  52072-3 0  9998
2 46317  97.4468 298.9573 0001195 355.7004   4.4220 15.19213948107625
LEMUR-2-URSA-AVION      
1 46318U 20061AY  22227.63670464  .00010336  00000+0  49492-3 0  9995
2 46318  97.4469 298.8244 0001161 350.6254   9.4958 15.19134939107608
LEMUR-2-SLICERS         
1 46500U 20068Q   22227.82469461  .00006654  00000+0  45602-3 0  9996
2 46500  97.7255 168.5120 0014310  91.9957 268.2900 15.06304199103047
LEMUR-2-DAYWZAGOODDAY   
1 46501U 20068R   22227.82034963  .00006519  00000+0  44285-3 0  9998
2 46501  97.7251 168.7073 0014362  91.7658 268.5209 15.06636902103041
LEMUR-2-SUSURRUS        
1 46502U 20068S   22227.82545891  .00005765  00000+0  39571-3 0  9990
2 46502  97.7234 168.5067 0014205  94.5054 265.7795 15.06302745103045
LEMUR-2-NICHOL          
1 46503U 20068T   22227.78076186  .00006259  00000+0  42950-3 0  9996
2 46503  97.7228 168.4096 0013534  94.2098 266.0750 15.06285887103030
LEMUR-2-OZARAK          
1 46908U 20081D   22227.98993665  .00003990  00000+0  30223-3 0  9991
2 46908  36.9039 230.6069 0006492 201.8920 158.1547 15.02260704 97125
LEMUR-2-JINDRA          
1 46909U 20081E   22227.36835785  .00004516  00000+0  33650-3 0  9994
2 46909  36.9055 233.0642 0006755 202.6036 157.4404 15.02796605 97057
LEMUR-2-WALLACE         
1 46910U 20081F   22227.71668787  .00004299  00000+0  32216-3 0  9996
2 46910  36.9073 231.2095 0007191 204.7201 155.3195 15.02608956 97092
LEMUR-2-JEREMIAH        
1 46911U 20081G   22227.69492272  .00003362  00000+0  25380-3 0  9992
2 46911  36.9079 231.0551 0006412 204.3154 155.7267 15.02534429 97101
LEMUR-2-NEVA            
1 47450U 21006AP  22227.17225442  .00007733  00000+0  37962-3 0  9990
2 47450  97.4406 285.9150 0011905  79.2746 280.9828 15.18294176 86200
LEMUR-2-SAOIRSEDH5GUO   
1 47453U 21006AS  22227.17204038  .00008020  00000+0  39193-3 0  9999
2 47453  97.4431 285.9718 0010605  80.4347 279.8085 15.18454932 86196
LEMUR-2-NALLYWACKER     
1 47457U 21006AW  22227.16226709  .00008250  00000+0  40063-3 0  9994
2 47457  97.4407 285.9433 0011534  78.7122 281.5408 15.18658889 86208
LEMUR-2-MANGO1          
1 47493U 21006CJ  22227.61006268  .00006299  00000+0  31916-3 0  9998
2 47493  97.4353 285.5373 0011277  80.4246 279.8261 15.17270307 86243
LEMUR-2-RUAIRI-EILIDH   
1 47511U 21006DC  22227.82944408  .00008059  00000+0  40694-3 0  9998
2 47511  97.4344 285.3758 0008992  82.7362 277.4893 15.17318970 86258
LEMUR-2-JENNIFERSONG    
1 47525U 21006DR  22227.61979634  .00008728  00000+0  42386-3 0  9992
2 47525  97.4363 286.0790 0011635  77.0169 283.2364 15.18637301 86271
LEMUR-2-CHANTAL         
1 47529U 21006DV  22227.82450575  .00007337  00000+0  37769-3 0  9991
2 47529  97.4356 285.1767 0008484  86.0291 274.1912 15.16676665 87199
LEMUR-2-NOOBNOOB        
1 47538U 21006DY  22227.59788641  .00007610  00000+0  37838-3 0  9994
2 47538  97.4417 286.2366 0011431  79.0296 281.2223 15.17861779 86250
LEMUR-2-AMANDA-SVANTE   
1 48269U 21034B   22227.65346913  .00002444  00000+0  27409-3 0  9999
2 48269  97.7449 297.5102 0002374 218.4171 141.6877 14.87698278 70334
LEMUR-2-SPECIAL-K       
1 48273U 21034F   22227.86391328  .00002886  00000+0  32275-3 0  9994
2 48273  97.7448 297.6945 0002509 211.6913 148.4153 14.87679792 70379
LEMUR-2-JACKSON         
1 48885U 21059G   22227.34741190  .00007164  00000+0  36037-3 0  9993
2 48885  97.5607 356.9063 0006614 254.7678 105.2824 15.17520829 62872
LEMUR-2-ANNABANANA      
1 48923U 21059AW  22227.33030350  .00007633  00000+0  36844-3 0  9991
2 48923  97.5542 357.2268 0009790 242.6551 117.3687 15.18916831 62917
LEMUR-2-JOHN-TREIRES    
1 48925U 21059AY  22227.59088898  .00010160  00000+0  47848-3 0  9996
2 48925  97.5606 358.0495 0012345 245.7704 114.2241 15.19659578 62976
LEMUR-2-AC-CUBED        
1 48927U 21059BA  22227.59899184  .00007885  00000+0  37862-3 0  9991
2 48927  97.5583 357.9160 0014491 249.5043 110.4636 15.19040730 62971
LEMUR-2-MERIMA          
1 48929U 21059BC  22227.32243808  .00008392  00000+0  39514-3 0  9990
2 48929  97.5547 357.6888 0014224 251.1598 108.8095 15.19701995 62949
LEMUR-2-CARLSANTAMARI   
1 48959U 21059CJ  22227.33105698  .00011190  00000+0  49903-3 0  9991
2 48959  97.5572 358.2216 0013735 255.7103 104.2607 15.21491634 62971
LEMUR-2-RAMONAMAE       
1 51021U 22002AP  22227.83134568  .00007618  00000+0  39935-3 0  9991
2 51021  97.4835 294.1046 0008017 219.6330 140.4318 15.16029216 32417
LEMUR-2-KING-JULIEN     
1 51022U 22002AQ  22227.17947759  .00006934  00000+0  36505-3 0  9993
2 51022  97.4818 293.3820 0007815 219.6588 140.4074 15.15915818 32319
LEMUR-2-ROHOVITHSA      
1 51036U 22002BE  22227.65194570  .00005376  00000+0  29307-3 0  9997
2 51036  97.4844 293.7585 0008141 222.8129 137.2469 15.14773361 32377
LEMUR-2-MIRIWARI        
1 51054U 22002BY  22227.65729750  .00004880  00000+0  26676-3 0  9996
2 51054  97.4839 293.7294 0007327 216.6113 143.4619 15.14731557 32374
LEMUR-2-DJIRANG         
1 51058U 22002CC  22227.65804727  .00004500  00000+0  24633-3 0  9998
2 51058  97.4817 293.6738 0007076 216.2856 143.7897 15.14725235 32374
LEMUR-2-KRYWE           
1 51100U 22003G   22227.72434158  .00020038  00000+0  58259-3 0  9997
2 51100  44.9875 101.2638 0008869 197.4856 162.5726 15.35158579 32719
LEMUR-2-TENNYSONLILY    
1 52732U 22057A   22227.55206862  .00006619  00000+0  38364-3 0  9992
2 52732  97.5264 341.3406 0008654 352.6993   7.4110 15.12489781 12366
LEMUR-2-VANDENDRIES     
1 52733U 22057B   22227.54053980  .00010906  00000+0  62178-3 0  9997
2 52733  97.5158 341.2448 0006977 346.5738  13.5306 15.12936631 12365
LEMUR-2-KAREN_B         
1 52736U 22057E   22227.27066948  .00007183  00000+0  41205-3 0  9999
2 52736  97.5137 340.9663 0006775 343.1733  16.9272 15.12841349 12320
LEMUR-2-HANCOM-1        
1 52740U 22057J   22227.79910823  .00006366  00000+0  36692-3 0  9997
2 52740  97.5337 341.7044 0010185 341.1007  18.9844 15.12694572 12401
LEMUR-2-MIMI1307        
1 52769U 22057AP  22227.79001855  .00002903  00000+0  16373-3 0  9991
2 52769  97.5319 341.8491 0012795 315.5683  44.4521 15.13906413 12411
