ISS (ZARYA)             
1 25544U 98067A   22227.91275196  .00005492  00000+0  10346-3 0  9991
2 25544  51.6420  40.7075 0005562 126.2063  23.2458 15.50190500354441
AEROCUBE 12A            
1 43556U 18046C   22227.61111147  .00015007  00000+0  36479-3 0  9993
2 43556  51.6351 255.0619 0005666 259.0918 100.9429 15.41176956228430
AEROCUBE 12B            
1 43557U 18046D   22227.82485332  .00011630  00000+0  30760-3 0  9992
2 43557  51.6366 259.4127 0005959 252.9089 107.1242 15.38835863228342
LEMUR-2-VU              
1 43558U 18046E   22227.73896970  .00027463  00000+0  48468-3 0  9992
2 43558  51.6359 233.1380 0004937 272.6919  87.3504 15.50156359228734
LEMUR-2-ALEXANDER       
1 43559U 18046F   22227.72448594  .00030868  00000+0  51843-3 0  9991
2 43559  51.6364 230.8232 0004582 292.2775  67.7729 15.51493872228540
LEMUR-2-YUASA           
1 43560U 18046G   22227.24716013  .00023418  00000+0  40893-3 0  9990
2 43560  51.6369 235.8596 0005042 295.6201  64.4267 15.50551399228659
LEMUR-2-TOMHENDERSON    
1 43561U 18046H   22227.24736120  .00020535  00000+0  39165-3 0  9999
2 43561  51.6374 239.5660 0005246 288.8591  71.1828 15.48115332228165
ISS DEB (SEDA-AP)       
1 43870U 98067PU  22227.84660979  .00152626  20539-4  34802-3 0  9991
2 43870  51.6255 278.3003 0004110  16.6071 343.5072 15.97115105208388
STPSAT-4                
1 45043U 98067QY  22227.39641418  .00137750  00000+0  52453-3 0  9991
2 45043  51.6340 350.9303 0003374 359.9688   0.1316 15.86627131144825
SORTIE                  
1 45264U 98067RH  22227.36549568  .00184697  24008-4  52909-3 0  9993
2 45264  51.6376 344.0081 0004818   4.5685 355.5366 15.92800095141581
ICS-EF (ISS DEB)        
1 45265U 98067RJ  22227.51498824  .00025336  00000+0  25687-3 0  9997
2 45265  51.6378  13.5862 0003905  56.5288 303.6081 15.65066853140887
RED-EYE 2 (MERLOT)      
1 45800U 98067RM  22227.37607437  .00058250  00000+0  37378-3 0  9999
2 45800  51.6389   2.2051 0000837 355.9786   4.1207 15.75672759122881
RED-EYE 3 (CABERNET)    
1 45809U 98067RN  22227.44319727  .00065809  00000+0  42152-3 0  9992
2 45809  51.6399   1.9086 0001283  10.0544 350.0481 15.75664780121872
ISS DEB                 
1 47853U 98067RZ  22227.74570024  .00008597  00000+0  13443-3 0  9997
2 47853  51.6421  34.7362 0001895 214.0049 146.0821 15.54645712 81131
MMSATS-1                
1 47976U 98067SJ  22227.96999139  .00023490  00000+0  27430-3 0  9999
2 47976  51.6405  25.5068 0001254 216.1199 225.5223 15.61494621 79559
CSS (TIANHE)            
1 48274U 21035A   22227.88786622  .00015419  00000+0  17780-3 0  9993
2 48274  41.4717 215.3297 0002816  83.3813 356.0230 15.61602116 74103
ISS DEB                 
1 48833U 98067SK  22227.60461003  .00053822  00000+0  44048-3 0  9993
2 48833  51.6362  21.6902 0001908 257.8209 102.2574 15.69984689 68439
RAMSAT                  
1 48850U 98067SL  22227.41919079  .00099794  00000+0  52003-3 0  9990
2 48850  51.6364  14.4233 0004313 297.2269  62.8293 15.80110878 66626
BD-28                   
1 48867U 98067SN  22227.55326162  .00222718  29236-4  72510-3 0  9994
2 48867  51.6249   8.4077 0006511 312.0771  47.9680 15.90248425 65467
ISS (NAUKA)             
1 49044U 21066A   22227.51643844  .00005665  00000+0  10648-3 0  9999
2 49044  51.6425  42.6707 0005592 124.0882 332.2075 15.50186633354381
FREGAT DEB              
1 49271U 11037PF  22227.01017531  .00059006  00000+0  24229+0 0  9995
2 49271  51.6620  74.9640 0916823 154.9529 209.8831 11.92052503 54153
BINAR-1                 
1 49272U 98067SR  22227.78832467  .00157488  00000+0  73485-3 0  9996
2 49272  51.6311  16.0792 0003500 268.0935  91.9666 15.82307787 49029
CUAVA-1                 
1 49275U 98067SU  22227.78517383  .00482775  11218-3  91069-3 0  9991
2 49275  51.6282   9.6412 0009045 299.3610 202.1076 16.00157235 49059
CAPSAT                  
1 49276U 98067SV  22227.49108311  .00220668  00000+0  84962-3 0  9995
2 49276  51.6350  17.1283 0004983 279.3477  80.6963 15.86156026 48043
PR-CUNAR 2              
1 49277U 98067SW  22227.51126616  .00469479  10384-3  98808-3 0  9996
2 49277  51.6180  12.5308 0009003 302.0387  57.9747 15.98233337 48078
1998-067TD              
1 51441U 98067TD  22227.84675885  .00067909  00000+0  59921-3 0  9990
2 51441  51.6372  28.5699 0003967 101.3136 258.8307 15.68051642 31476
PATCOOL                 
1 51442U 98067TE  22227.74835420  .00068913  00000+0  59806-3 0  9991
2 51442  51.6350  28.6405 0003975 108.9435 251.1993 15.68451960 31422
LIGHT-1                 
1 51509U 98067TG  22227.83893459  .00045331  00000+0  48942-3 0  9999
2 51509  51.6400  31.5454 0006313  94.4451 265.7264 15.63152168 30171
PROGRESS-MS 19          
1 51660U 22014A   22227.51643844  .00005665  00000+0  10648-3 0  9990
2 51660  51.6425  42.6707 0005592 124.0882 332.2075 15.50186633354388
SOYUZ-MS 21             
1 52086U 22028A   22227.51643844  .00005665  00000+0  10648-3 0  9998
2 52086  51.6425  42.6707 0005592 124.0882 332.2075 15.50186633354381
IHI-SAT                 
1 52147U 98067TJ  22227.74253172  .00067799  00000+0  79453-3 0  9993
2 52147  51.6368  35.3743 0003196 158.0296 202.0835 15.60880430 22565
KITSUNE                 
1 52148U 98067TK  22227.87437661  .00027857  00000+0  38074-3 0  9990
2 52148  51.6425  36.7059 0003916 127.1171  28.7970 15.57218832 22496
CREW DRAGON 4           
1 52318U 22042A   22227.51643844  .00005665  00000+0  10648-3 0  9992
2 52318  51.6425  42.6707 0005592 124.0882 332.2075 15.50186633354389
TIANZHOU-4              
1 52509U 22050A   22226.30709491  .00021377  00000+0  24524-3 0  9996
2 52509  41.4702 224.9596 0003691  82.6885  98.5207 15.61555144 73855
PROGRESS-MS 20          
1 52795U 22059A   22227.51643844  .00005665  00000+0  10648-3 0  9999
2 52795  51.6425  42.6707 0005592 124.0882 332.2075 15.50186633354388
SHENZHOU 14             
1 52797U 22060A   22226.30709491  .00021377  00000+0  24524-3 0  9996
2 52797  41.4702 224.9596 0003691  82.6885  98.5207 15.61555144 73854
ISS DEB                 
1 52952U 98067TP  22227.76120536  .00053405  00000+0  80793-3 0  9994
2 52952  51.6423  40.7684 0003938 146.7975 213.3263 15.54144294  6811
DRAGON CRS-25           
1 53113U 22081A   22227.51643844  .00005665  00000+0  10648-3 0  9999
2 53113  51.6425  42.6707 0005592 124.0882 332.2075 15.50186633354383
CSS (WENTIAN)           
1 53239U 22085A   22226.30709491  .00021377  00000+0  24524-3 0  9995
2 53239  41.4702 224.9596 0003691  82.6885  98.5207 15.61555144 73856
1998-067TQ              
1 53305U 98067TQ  22227.55509234  .00032279  00000+0  54304-3 0  9995
2 53305  51.6423  42.3853 0003403 123.1756 236.9560 15.51428470  3875
1998-067TR              
1 53306U 98067TR  22227.74573890  .00036655  00000+0  60979-3 0  9993
2 53306  51.6423  41.4085 0002902 128.1081 232.0171 15.51680386  3907
1998-067TS              
1 53307U 98067TS  22227.74544361  .00036258  00000+0  60310-3 0  9993
2 53307  51.6421  41.4058 0002870 115.5200 244.6087 15.51690324  3934
RS3S                    
1 53308U 98067TT  22227.74516370  .00035318  00000+0  58768-3 0  9993
2 53308  51.6422  41.4047 0002661 118.9661 241.1596 15.51692965  3963
RS1S                    
1 53309U 98067TU  22227.74462938  .00037575  00000+0  62339-3 0  9990
2 53309  51.6421  41.4004 0003256 134.3151 225.8106 15.51744336  3914
RS5S                    
1 53310U 98067TV  22227.74468001  .00035549  00000+0  59121-3 0  9993
2 53310  51.6425  41.4017 0002954 135.7789 224.3437 15.51703821  3948
RS6S                    
1 53311U 98067TW  22227.74349576  .00040016  00000+0  66056-3 0  9999
2 53311  51.6420  41.3928 0002370 111.9064 248.2178 15.51857846  3964
RS9S                    
1 53312U 98067TX  22227.87258277  .00037580  00000+0  62210-3 0  9991
2 53312  51.6424  40.7549 0003458 137.8584 222.2672 15.51805621  3924
RS12S                   
1 53313U 98067TY  22227.74309430  .00037979  00000+0  62767-3 0  9995
2 53313  51.6423  41.3906 0002975 142.6565 217.4632 15.51848086  3951
RS4S                    
1 53321U 98067TZ  22227.74558995  .00036063  00000+0  60013-3 0  9991
2 53321  51.6427  41.4086 0002778 126.2073 233.9174 15.51680364  3954
1998-067UA              
1 53322U 98067UA  22227.55217900  .00036369  00000+0  60469-3 0  9993
2 53322  51.6423  42.3658 0002735 122.6115 237.5139 15.51700988  3873
HSU-SAT1                
1 53462U 98067UB  22226.74141404  .00026381  00000+0  45171-3 0  9999
2 53462  51.6419  46.4994 0007959 141.3301 313.6344 15.51016320   375
FUTABA                  
1 53463U 98067UC  22226.74417056  .00032628  00000+0  55523-3 0  9992
2 53463  51.6435  46.4830 0007849 138.2377 332.5144 15.51075903   379
TUMNANOSAT              
1 53464U 98067UD  22226.73602287  .00035547  00000+0  60268-3 0  9999
2 53464  51.6409  46.5226 0007902 141.9590 283.7101 15.51135793   373
