SPACEBEE-4              
1 43139U 18004AE  22227.81595871  .00048625  00000+0  88180-3 0  9994
2 43139  97.3823 313.1535 0005190 130.7220 229.4483 15.49447944256023
SPACEBEE-3              
1 43140U 18004AF  22227.19721225  .00129841  00000+0  12173-2 0  9999
2 43140  97.3841 317.4758 0003256 178.7142 181.4127 15.66784660256227
SPACEBEE-2              
1 43141U 18004AG  22227.70402235  .00356300  00000+0  17782-2 0  9997
2 43141  97.3825 320.2710 0004889 238.0402 122.0391 15.80903167256430
SPACEBEE-7              
1 43816U 18099BL  22227.66044670  .00002782  00000+0  24043-3 0  9991
2 43816  97.6218 294.4718 0013924  61.3830 298.8791 14.97943978201516
SPACEBEE-5              
1 43817U 18099BM  22227.64060003  .00006022  00000+0  46385-3 0  9992
2 43817  97.6311 297.7366 0008099  70.2481 289.9617 15.01985956201655
SPACEBEE-6              
1 43818U 18099BN  22227.64071318  .00003298  00000+0  27583-3 0  9995
2 43818  97.6257 295.4496 0012786  54.7192 305.5225 14.99103063201701
SPACEBEE-21             
1 46300U 20061AE  22227.18558633  .00012137  00000+0  55554-3 0  9996
2 46300  97.4475 298.5528 0001145  74.4193 285.7169 15.20653483107451
SPACEBEE-20             
1 46301U 20061AF  22227.44820258  .00013635  00000+0  62418-3 0  9992
2 46301  97.4500 298.9089 0001127  66.7668 293.3686 15.20623367107499
SPACEBEE-15             
1 46302U 20061AG  22227.43462198  .00016290  00000+0  71869-3 0  9997
2 46302  97.4475 299.1475 0000901  83.4592 276.6746 15.21849318107515
SPACEBEE-19             
1 46303U 20061AH  22227.18854866  .00013311  00000+0  60024-3 0  9999
2 46303  97.4481 298.7275 0001120  74.3794 285.7565 15.21144812107464
SPACEBEE-18             
1 46304U 20061AJ  22227.13360800  .00013562  00000+0  61310-3 0  9992
2 46304  97.4477 298.6340 0001087  81.0474 279.0884 15.21054787107454
SPACEBEE-10             
1 46305U 20061AK  22227.64584728  .00019946  00000+0  82490-3 0  9990
2 46305  97.4483 299.9887 0000911  92.7928 267.3413 15.24001893107585
SPACEBEE-17             
1 46306U 20061AL  22227.19057559  .00013952  00000+0  61961-3 0  9999
2 46306  97.4481 298.8832 0001035  81.8554 278.2799 15.21658113107515
SPACEBEE-11             
1 46307U 20061AM  22227.15227994  .00017360  00000+0  73814-3 0  9995
2 46307  97.4485 299.2559 0000844  86.7628 273.3705 15.23093164107495
SPACEBEE-16             
1 46308U 20061AN  22227.63634728  .00015814  00000+0  69957-3 0  9991
2 46308  97.4480 299.3734 0000884  78.9114 281.2221 15.21763110107544
SPACEBEE-12             
1 46309U 20061AP  22227.19974393  .00016156  00000+0  69567-3 0  9995
2 46309  97.4482 299.1832 0000910  86.2782 273.8558 15.22680145107498
SPACEBEE-13             
1 46310U 20061AQ  22227.43816597  .00016780  00000+0  72972-3 0  9992
2 46310  97.4479 299.3215 0000938  87.4151 272.7193 15.22335464107568
SPACEBEE-14             
1 46311U 20061AR  22227.19315329  .00015018  00000+0  65697-3 0  9992
2 46311  97.4484 299.0429 0000995  88.1594 271.9756 15.22157618107515
SPACEBEE-34             
1 46933U 20085E   22227.92446206  .00126569  00000+0  17364-2 0  9999
2 46933  97.4280  10.6928 0009360 225.8279 134.2194 15.56864663 96870
SPACEBEE-35             
1 46934U 20085F   22227.67924911  .00100061  00000+0  15703-2 0  9990
2 46934  97.4296  10.0000 0008805 224.1756 135.8731 15.53283213 96808
SPACEBEE-36             
1 46935U 20085G   22227.82233786  .00092803  00000+0  15205-2 0  9992
2 46935  97.4342  10.0970 0008725 226.7067 133.3418 15.52109726 96812
SPACEBEE-37             
1 46936U 20085H   22227.85043431  .00070897  00000+0  13455-2 0  9996
2 46936  97.4392   9.5339 0009123 226.2603 133.7771 15.48014642 96772
SPACEBEE-38             
1 46937U 20085J   22227.94867703  .00067363  00000+0  12935-2 0  9999
2 46937  97.4341   9.3806 0009805 221.8468 138.2021 15.47683789 96783
SPACEBEENZ-3            
1 46938U 20085K   22227.61347600  .00024829  00000+0  73206-3 0  9992
2 46938  97.4426   6.5866 0011816 227.8736 132.1489 15.34935593 96557
SPACEBEENZ-4            
1 46939U 20085L   22227.61710546  .00023801  00000+0  71609-3 0  9990
2 46939  97.4433   6.4337 0011330 231.7424 128.2794 15.34311374 96546
SPACEBEENZ-5            
1 46941U 20085N   22227.85870794  .00023606  00000+0  71808-3 0  9995
2 46941  97.4446   6.5775 0011341 233.6555 126.3637 15.33963017 96572
SPACEBEENZ-6            
1 46942U 20085P   22227.37841597  .00022693  00000+0  69959-3 0  9991
2 46942  97.4416   6.0348 0011843 232.4577 127.5587 15.33542139 96495
SPACEBEE-33             
1 46944U 20085R   22227.58890089  .00052520  00000+0  11684-2 0  9999
2 46944  97.4332   7.6413 0009484 234.9863 125.0478 15.43432707 96646
SPACEBEE-29             
1 46945U 20085S   22227.84694123  .00064050  00000+0  12993-2 0  9995
2 46945  97.4311   8.3692 0008780 235.9427 124.0981 15.46112073 96716
SPACEBEE-32             
1 46946U 20085T   22227.34875651  .00055927  00000+0  12199-2 0  9999
2 46946  97.4287   7.5056 0009579 244.9887 115.0380 15.44001600 96614
SPACEBEE-31             
1 46947U 20085U   22227.62913030  .00057628  00000+0  12283-2 0  9999
2 46947  97.4332   7.8958 0009395 236.6687 123.3622 15.44678858 96663
SPACEBEE-28             
1 46948U 20085V   22227.35430161  .00067445  00000+0  13421-2 0  9992
2 46948  97.4318   7.9548 0009417 235.9271 124.1085 15.46651552 96644
SPACEBEE-30             
1 46949U 20085W   22227.38217778  .00059998  00000+0  12486-2 0  9997
2 46949  97.4307   7.7602 0009467 233.3093 126.7286 15.45373315 96638
SPACEBEE-27             
1 46950U 20085X   22227.61084984  .00081306  00000+0  14616-2 0  9991
2 46950  97.4309   8.6423 0009220 235.5090 124.5199 15.49527924 96710
SPACEBEE-25             
1 46951U 20085Y   22227.83920023  .00094273  00000+0  15646-2 0  9990
2 46951  97.4292   9.2847 0009771 242.4132 117.5971 15.51732136 96776
SPACEBEE-24             
1 46952U 20085Z   22227.63621447  .00069206  00000+0  13494-2 0  9994
2 46952  97.4316   8.3214 0009372 232.7648 127.2740 15.47236768 96691
SPACEBEE-22             
1 46953U 20085AA  22227.33478279  .00099150  00000+0  15934-2 0  9997
2 46953  97.4290   8.8416 0008696 233.9378 126.1068 15.52626179 96701
SPACEBEE-26             
1 46956U 20085AD  22227.61084125  .00073139  00000+0  14001-2 0  9997
2 46956  97.4310   8.3571 0008818 237.2826 122.7459 15.47759039 96617
SPACEBEENZ-2            
1 46957U 20085AE  22227.35435441  .00021599  00000+0  62584-3 0  9993
2 46957  97.4437   6.4664 0011238 228.5327 131.4953 15.35518390 96480
SPACEBEE-39             
1 46958U 20085AF  22227.63054655  .00062024  00000+0  12572-2 0  9998
2 46958  97.4315   8.7034 0009373 222.7503 137.3002 15.46137875 96017
SPACEBEENZ-1            
1 46959U 20085AG  22227.33663985  .00028093  00000+0  79375-3 0  9991
2 46959  97.4407   6.6475 0011215 226.9311 133.0994 15.36255361 96010
SPACEBEE-23             
1 46960U 20085AH  22227.61195551  .00092416  00000+0  15597-2 0  9998
2 46960  97.4308   8.9273 0009228 237.8447 122.1911 15.51273866 95851
SPACEBEE-52             
1 47425U 21006N   22227.64908988  .00026631  00000+0  96098-3 0  9990
2 47425  97.4399 289.4668 0010922  69.2374 291.0035 15.28428214 87443
SPACEBEE-46             
1 47426U 21006P   22227.11463930  .00018557  00000+0  72586-3 0  9990
2 47426  97.4395 288.3037 0011892  71.4215 288.8314 15.25824309 87327
SPACEBEE-47             
1 47427U 21006Q   22227.62206512  .00018671  00000+0  73852-3 0  9992
2 47427  97.4395 288.6916 0011968  70.7340 289.5191 15.25448219 86436
SPACEBEE-59             
1 47428U 21006R   22227.79955240  .00018929  00000+0  75710-3 0  9991
2 47428  97.4394 288.7681 0012010  71.5371 288.7171 15.25073013 87412
SPACEBEE-62             
1 47429U 21006S   22227.40275830  .00005845  00000+0  28538-3 0  9999
2 47429  97.4350 286.4734 0014296  72.0750 288.2042 15.18561816 86285
SPACEBEE-61             
1 47431U 21006U   22227.14398335  .00012827  00000+0  58202-3 0  9998
2 47431  97.4433 285.9735 0006569  88.1072 272.0916 15.20922298 87150
SPACEBEE-49             
1 47432U 21006V   22227.12030568  .00014394  00000+0  65668-3 0  9993
2 47432  97.4438 285.8856 0006287  87.5722 272.6233 15.20710846 87142
SPACEBEE-60             
1 47433U 21006W   22227.11013702  .00014913  00000+0  67588-3 0  9994
2 47433  97.4440 285.9169 0006031  89.7419 270.4507 15.20931865 87144
SPACEBEE-53             
1 47434U 21006X   22227.63624647  .00019390  00000+0  82677-3 0  9998
2 47434  97.4449 286.9527 0005673  87.1102 273.0784 15.22960522 87257
SPACEBEE-63             
1 47442U 21006AF  22227.61511205  .00005485  00000+0  29193-3 0  9994
2 47442  97.4390 284.8416 0007639  88.9031 271.3076 15.15616196 86171
SPACEBEE-50             
1 47443U 21006AG  22227.40623068  .00012301  00000+0  56003-3 0  9998
2 47443  97.4431 286.2269 0006691  87.2502 272.9500 15.20818496 86231
SPACEBEE-51             
1 47444U 21006AH  22227.39607857  .00017717  00000+0  74099-3 0  9996
2 47444  97.4363 286.3009 0006099  90.0429 270.1507 15.23632205 86277
SPACEBEE-48             
1 47447U 21006AL  22227.09729424  .00020373  00000+0  79583-3 0  9996
2 47447  97.4348 287.2014 0009538  76.5015 283.7286 15.25871511 86316
SPACEBEE-40             
1 47449U 21006AN  22227.63784031  .00019825  00000+0  80810-3 0  9998
2 47449  97.4349 287.3989 0009928  74.2958 285.9374 15.24448704 86376
SPACEBEE-41             
1 47451U 21006AQ  22227.12816124  .00019788  00000+0  80935-3 0  9990
2 47451  97.4353 286.8963 0009839  76.3927 283.8405 15.24333875 86295
SPACEBEE-42             
1 47455U 21006AU  22227.62391400  .00018402  00000+0  75792-3 0  9991
2 47455  97.4355 287.3297 0009869  75.5329 284.7003 15.24114321 86362
SPACEBEE-55             
1 47459U 21006AY  22227.78203117  .00006929  00000+0  35161-3 0  9996
2 47459  97.4311 285.5388 0012687  81.9581 278.3091 15.17165960 86275
SPACEBEE-54             
1 47460U 21006AZ  22227.17271734  .00019405  00000+0  80011-3 0  9998
2 47460  97.4359 286.8937 0009780  77.1496 283.0834 15.24067677 86299
SPACEBEE-58             
1 47464U 21006BD  22227.61811216  .00018771  00000+0  74171-3 0  9991
2 47464  97.4396 288.7043 0011977  70.6887 289.5645 15.25482423 86434
SPACEBEE-57             
1 47465U 21006BE  22227.62441412  .00005869  00000+0  31257-3 0  9992
2 47465  97.4333 284.4016 0007073  94.6733 265.5307 15.15569625 86176
SPACEBEE-44             
1 47466U 21006BF  22227.39748717  .00014696  00000+0  64528-3 0  9990
2 47466  97.4361 286.0150 0006711  87.8633 272.3372 15.22016757 86254
SPACEBEE-56             
1 47468U 21006BH  22227.11761736  .00015928  00000+0  70903-3 0  9991
2 47468  97.4370 285.6535 0006859  88.1608 272.0413 15.21528831 86205
SPACEBEE-45             
1 47470U 21006BK  22227.13449284  .00014293  00000+0  62990-3 0  9998
2 47470  97.4368 285.7919 0006982  88.8843 271.3193 15.21894995 86212
SPACEBEE-43             
1 47480U 21006BV  22227.13030594  .00015364  00000+0  67259-3 0  9992
2 47480  97.4362 285.7511 0006702  87.6565 272.5438 15.22107564 86218
SPACEBEE-87             
1 47703U 21015E   22227.67138963  .00037013  00000+0  94211-3 0  9991
2 47703  97.4124 305.6320 0007278 209.5096 150.5739 15.39464550 81364
SPACEBEE-86             
1 47704U 21015F   22227.66185567  .00038692  00000+0  95644-3 0  9998
2 47704  97.4107 305.7662 0007598 206.0532 154.0332 15.40345393 81350
SPACEBEE-85             
1 47705U 21015G   22227.46039238  .00041370  00000+0  10182-2 0  9990
2 47705  97.4110 305.5754 0007210 208.4943 151.5910 15.40466124 81347
SPACEBEE-84             
1 47706U 21015H   22227.44589455  .00043049  00000+0  10538-2 0  9990
2 47706  97.4109 305.5927 0007311 208.6197 151.4649 15.40620914 81340
SPACEBEE-83             
1 47707U 21015J   22227.44296900  .00044942  00000+0  10876-2 0  9999
2 47707  97.4096 305.5788 0006933 211.7305 148.3525 15.40962138 81341
SPACEBEE-82             
1 47708U 21015K   22227.15977454  .00042346  00000+0  99702-3 0  9990
2 47708  97.4099 305.4869 0007267 208.2719 151.8135 15.41802971 81317
SPACEBEE-81             
1 47709U 21015L   22227.44408465  .00049578  00000+0  11438-2 0  9997
2 47709  97.4105 305.8854 0007216 207.0040 153.0833 15.42378132 81285
SPACEBEE-78             
1 47710U 21015M   22227.69193183  .00056980  00000+0  12642-2 0  9997
2 47710  97.4099 306.3155 0007081 207.5612 152.5261 15.43512505 81418
SPACEBEE-76             
1 47711U 21015N   22227.18593702  .00051754  00000+0  10927-2 0  9991
2 47711  97.4095 306.0676 0007061 206.5672 153.5216 15.45006800 81355
SPACEBEE-80             
1 47712U 21015P   22227.21900591  .00041263  00000+0  93965-3 0  9992
2 47712  97.4103 305.7261 0007069 208.1605 151.9261 15.42812596 81338
SPACEBEE-77             
1 47714U 21015Q   22227.28255394  .00047209  00000+0  10091-2 0  9999
2 47714  97.4101 306.1024 0007174 206.1170 153.9718 15.44664459 81280
SPACEBEE-79             
1 47715U 21015R   22227.69050361  .00049870  00000+0  11394-2 0  9995
2 47715  97.4131 306.2406 0006931 207.9603 152.1273 15.42670647 81404
SPACEBEE-65             
1 48626U 21006ES  22227.85764627  .00021560  00000+0  84357-3 0  9998
2 48626  97.2033 274.0692 0012770  54.6205 305.6224 15.25768165 86452
SPACEBEE-64             
1 48627U 21006ET  22227.57894153  .00020211  00000+0  78711-3 0  9995
2 48627  97.2034 273.8367 0012620  55.1097 305.1327 15.25938751 86414
SPACEBEE-66             
1 48628U 21006EU  22227.43459163  .00019343  00000+0  76623-3 0  9993
2 48628  97.2033 273.5751 0012964  55.5184 304.7277 15.25375915 86382
SPACEBEE-67             
1 48629U 21006EV  22227.57888034  .00018628  00000+0  74114-3 0  9990
2 48629  97.2034 273.6847 0013055  55.6081 304.6390 15.25235429 86403
SPACEBEE-68             
1 48630U 21006EW  22227.86076857  .00019157  00000+0  76556-3 0  9996
2 48630  97.2032 273.9135 0013083  54.7440 305.5020 15.25080707 86447
SPACEBEE-69             
1 48631U 21006EX  22227.09130525  .00018203  00000+0  73216-3 0  9996
2 48631  97.2034 273.1372 0013298  56.9922 303.2592 15.24872528 86327
SPACEBEE-70             
1 48632U 21006EY  22227.77038176  .00018400  00000+0  74288-3 0  9990
2 48632  97.2033 273.7376 0013395  55.1204 305.1291 15.24741322 86424
SPACEBEE-71             
1 48633U 21006EZ  22227.86401431  .00018465  00000+0  75002-3 0  9995
2 48633  97.2033 273.7611 0013604  54.8002 305.4508 15.24535859 86433
SPACEBEE-72             
1 48634U 21006FA  22227.57598164  .00016652  00000+0  68384-3 0  9995
2 48634  97.2033 273.3988 0014027  55.0360 305.2193 15.24182627 86380
SPACEBEE-73             
1 48635U 21006FB  22227.07327638  .00017260  00000+0  71199-3 0  9991
2 48635  97.2034 272.8668 0014145  57.6207 302.6397 15.24022284 86301
SPACEBEE-74             
1 48636U 21006FC  22227.58527917  .00015768  00000+0  65913-3 0  9998
2 48636  97.2034 273.2412 0014482  56.1409 304.1204 15.23588747 86377
SPACEBEE-75             
1 48637U 21006FD  22227.55689155  .00015825  00000+0  66652-3 0  9994
2 48637  97.2030 273.1264 0014732  56.2869 303.9770 15.23329700 86363
SPACEBEENZ-10           
1 48882U 21059D   22227.31707892  .00010469  00000+0  50425-3 0  9997
2 48882  97.5595 357.0908 0006651 261.1645  98.8836 15.18915214 62880
SPACEBEE-100            
1 48883U 21059E   22227.33818500  .00006001  00000+0  31046-3 0  9994
2 48883  97.5621 356.6625 0007099 257.4313 102.6126 15.16598609 62855
SPACEBEE-101            
1 48884U 21059F   22227.81137799  .00006546  00000+0  33984-3 0  9999
2 48884  97.5624 357.1149 0006832 259.7537 100.2925 15.16439985 62923
SPACEBEE-102            
1 48886U 21059H   22227.80092963  .00006748  00000+0  34927-3 0  9995
2 48886  97.5623 357.1281 0006860 259.6190 100.4270 15.16535058 62929
SPACEBEENZ-9            
1 48887U 21059J   22227.31803676  .00010334  00000+0  49793-3 0  9996
2 48887  97.5593 357.0866 0006617 260.9483  99.1002 15.18908037 62889
SPACEBEE-103            
1 48888U 21059K   22227.83513759  .00007828  00000+0  40212-3 0  9995
2 48888  97.5627 357.2411 0007121 256.4759 103.5680 15.16748939 62932
SPACEBEENZ-7            
1 48889U 21059L   22227.80765253  .00011074  00000+0  53040-3 0  9992
2 48889  97.5614 357.7722 0007093 258.7116 101.3321 15.19095273 62969
SPACEBEE-104            
1 48890U 21059M   22227.60056446  .00007046  00000+0  36189-3 0  9998
2 48890  97.5619 356.9107 0007058 260.8605  99.1830 15.16791221 62896
SPACEBEENZ-8            
1 48891U 21059N   22227.35061173  .00009430  00000+0  45338-3 0  9999
2 48891  97.5616 357.3048 0007079 260.0352 100.0084 15.19008499 62891
SPACEBEE-106            
1 48893U 21059Q   22227.30334149  .00006673  00000+0  34444-3 0  9994
2 48893  97.5643 356.8208 0007527 261.8528  98.1851 15.16632976 62852
SPACEBEE-107            
1 48894U 21059R   22227.59792188  .00007808  00000+0  39742-3 0  9994
2 48894  97.5645 357.2002 0007420 258.9042 101.1357 15.17072474 62906
SPACEBEE-108            
1 48895U 21059S   22227.36606624  .00006428  00000+0  33204-3 0  9993
2 48895  97.5640 356.8721 0007626 260.6852  99.3519 15.16622014 62865
SPACEBEE-105            
1 48896U 21059T   22227.35429547  .00007157  00000+0  36887-3 0  9990
2 48896  97.5623 356.6224 0007232 250.2936 109.7517 15.16662377 62853
SPACEBEE-109            
1 48897U 21059U   22227.60892989  .00007080  00000+0  36211-3 0  9999
2 48897  97.5642 357.1570 0007713 257.4284 102.6086 15.16934094 62901
SPACEBEE-110            
1 48899U 21059W   22227.81264147  .00007518  00000+0  38104-3 0  9992
2 48899  97.5648 357.5298 0007887 254.5926 105.4436 15.17232849 62947
SPACEBEE-111            
1 48904U 21059AB  22227.34639551  .00006183  00000+0  31070-3 0  9994
2 48904  97.5654 357.2628 0008732 256.8940 103.1319 15.17602520 62881
SPACEBEE-92             
1 48932U 21059BF  22227.61883483  .00023969  00000+0  90492-3 0  9994
2 48932  97.5502 359.5626 0012913 250.3933 109.5912 15.26939126 63092
SPACEBEE-89             
1 48933U 21059BG  22227.60620446  .00026902  00000+0  98542-3 0  9996
2 48933  97.5497 359.7126 0012835 249.6164 110.3696 15.27914214 63106
SPACEBEE-96             
1 48934U 21059BH  22227.61366275  .00022377  00000+0  86265-3 0  9996
2 48934  97.5510 359.4268 0013070 250.1376 109.8453 15.26257393 63089
SPACEBEE-88             
1 48935U 21059BJ  22227.32996344  .00024348  00000+0  88660-3 0  9992
2 48935  97.5488 359.4463 0012771 250.2769 109.7093 15.28130652 63062
SPACEBEE-99             
1 48936U 21059BK  22227.59880145  .00021306  00000+0  83778-3 0  9999
2 48936  97.5514 359.3111 0013109 250.9733 109.0085 15.25607973 63073
SPACEBEE-94             
1 48937U 21059BL  22227.83938604  .00024056  00000+0  91652-3 0  9996
2 48937  97.5499 359.7164 0012897 249.3046 110.6810 15.26635784 63122
SPACEBEE-93             
1 48939U 21059BN  22227.83579775  .00026526  00000+0  98139-3 0  9999
2 48939  97.5498 359.8696 0012947 249.5026 110.4823 15.27586010 63131
SPACEBEE-91             
1 48940U 21059BP  22227.36496852  .00026329  00000+0  97285-3 0  9995
2 48940  97.5501 359.4251 0012833 251.1380 108.8468 15.27631389 63065
SPACEBEE-95             
1 48945U 21059BU  22227.36231781  .00020893  00000+0  79148-3 0  9996
2 48945  97.5512 359.3029 0012918 251.4423 108.5413 15.26855406 63052
SPACEBEE-97             
1 48946U 21059BV  22227.30572813  .00019045  00000+0  74151-3 0  9991
2 48946  97.5511 359.0740 0013022 251.8431 108.1389 15.25962777 63034
SPACEBEE-90             
1 48947U 21059BW  22227.61720382  .00026381  00000+0  97077-3 0  9995
2 48947  97.5497 359.6998 0012868 249.7758 110.2097 15.27767156 63108
SPACEBEE-98             
1 48949U 21059BY  22227.82808223  .00022084  00000+0  85713-3 0  9991
2 48949  97.5524 359.6363 0013101 250.2168 109.7657 15.26034372 63112
SPACEBEE-121            
1 52009U 22026B   22227.42797834  .00007582  00000+0  39209-3 0  9994
2 52009  97.5027 226.6036 0028739  72.2338 288.2028 15.16177874 23122
SPACEBEE-114            
1 52010U 22026C   22227.82024244  .00008945  00000+0  45877-3 0  9990
2 52010  97.5054 227.0367 0027826  72.4344 287.9926 15.16437869 23194
SPACEBEE-126            
1 52011U 22026D   22227.69174893  .00008663  00000+0  44498-3 0  9997
2 52011  97.5038 226.8741 0028179  70.5203 289.9070 15.16383746 23168
SPACEBEE-118            
1 52012U 22026E   22227.46342132  .00008311  00000+0  42236-3 0  9994
2 52012  97.5048 226.7379 0027269  75.5493 284.8763 15.16798219 23147
SPACEBEE-120            
1 52013U 22026F   22227.80325854  .00008593  00000+0  43840-3 0  9999
2 52013  97.5038 227.0282 0029063  68.1221 292.3098 15.16602991 23185
SPACEBEE-122            
1 52014U 22026G   22227.80265101  .00008690  00000+0  44354-3 0  9997
2 52014  97.5041 227.0334 0027994  70.4864 289.9389 15.16612415 23185
SPACEBEE-119            
1 52015U 22026H   22227.42529308  .00007679  00000+0  39618-3 0  9991
2 52015  97.5047 226.6400 0028939  72.2565 288.1823 15.16252084 23129
SPACEBEE-115            
1 52016U 22026J   22227.74196314  .00008423  00000+0  43060-3 0  9998
2 52016  97.5052 226.9859 0028400  71.2565 289.1746 15.16555156 23175
SPACEBEENZ-14           
1 52018U 22026L   22227.43987892  .00009891  00000+0  49502-3 0  9992
2 52018  97.5043 226.7657 0028122  71.8638 288.5654 15.17258082 23135
SPACEBEENZ-11           
1 52019U 22026M   22227.43272141  .00010531  00000+0  52477-3 0  9995
2 52019  97.5043 226.7739 0027983  71.7416 288.6859 15.17394134 23096
SPACEBEE-127            
1 52020U 22026N   22227.81359256  .00008550  00000+0  43838-3 0  9991
2 52020  97.5040 227.0209 0028355  70.5292 289.9000 15.16448557 23139
SPACEBEE-125            
1 52021U 22026P   22227.45761331  .00009350  00000+0  47182-3 0  9998
2 52021  97.5033 226.7190 0030350  71.4546 288.9981 15.16927461 23006
SPACEBEE-117            
1 52022U 22026Q   22227.74477722  .00008601  00000+0  44037-3 0  9993
2 52022  97.5053 226.9831 0028429  70.7772 289.6533 15.16494638 23040
SPACEBEE-116            
1 52023U 22026R   22227.80485767  .00008519  00000+0  43472-3 0  9999
2 52023  97.5056 227.0573 0028274  71.0155 289.4138 15.16618132 23053
SPACEBEE-113            
1 52024U 22026S   22227.79959585  .00008658  00000+0  44086-3 0  9998
2 52024  97.5052 227.0574 0030110  67.6790 292.7630 15.16642192 23056
SPACEBEE-112            
1 52025U 22026T   22227.72337133  .00008942  00000+0  45252-3 0  9993
2 52025  97.5050 227.0056 0028328  71.0142 289.4157 15.16893722 23041
SPACEBEENZ-13           
1 52026U 22026U   22227.24021320  .00008992  00000+0  44994-3 0  9996
2 52026  97.5041 226.5712 0028146  72.5211 287.9095 15.17293365 22889
SPACEBEE-123            
1 52027U 22026V   22227.81805083  .00008431  00000+0  43406-3 0  9991
2 52027  97.5034 227.0089 0028469  70.9416 289.4897 15.16304304 22963
SPACEBEENZ-12           
1 52028U 22026W   22227.44831568  .00009417  00000+0  47371-3 0  9998
2 52028  97.5057 226.7677 0028289  72.0528 288.3785 15.17089555 23004
SPACEBEE-124            
1 52029U 22026X   22227.75363347  .00008024  00000+0  41346-3 0  9997
2 52029  97.5032 226.9411 0028674  71.0961 289.3377 15.16286408 21678
SPACEBEE-136            
1 52164U 22033H   22227.68827832  .00010403  00000+0  42751-3 0  9996
2 52164  97.3786 308.1685 0009613 161.1097 199.0499 15.24327255 20701
SPACEBEE-138            
1 52166U 22033K   22227.17005491  .00010158  00000+0  41864-3 0  9992
2 52166  97.3810 307.6809 0011175 155.1769 205.0008 15.24222327 20627
SPACEBEE-130            
1 52176U 22033V   22227.16848398  .00010574  00000+0  43400-3 0  9993
2 52176  97.3797 307.6608 0007783 156.8365 203.3224 15.24377944 20626
SPACEBEE-139            
1 52177U 22033W   22227.65732792  .00010219  00000+0  42701-3 0  9997
2 52177  97.3813 308.0991 0010705 159.3042 200.8631 15.23756708 20693
SPACEBEE-129            
1 52179U 22033Y   22227.46527511  .00009507  00000+0  39778-3 0  9997
2 52179  97.3796 307.8786 0009288 161.5701 198.5875 15.23745303 20642
SPACEBEE-134            
1 52180U 22033Z   22227.46864938  .00007571  00000+0  32059-3 0  9990
2 52180  97.3792 307.8769 0009375 160.2976 199.8625 15.23411464 20665
SPACEBEE-131            
1 52181U 22033AA  22227.65479331  .00009964  00000+0  41521-3 0  9993
2 52181  97.3798 308.0860 0009335 162.4931 197.6630 15.23868880 20691
SPACEBEE-128            
1 52182U 22033AB  22227.46336933  .00010151  00000+0  42381-3 0  9998
2 52182  97.3814 307.9073 0009661 161.8483 198.3101 15.23799457 20641
SPACEBEE-133            
1 52183U 22033AC  22227.19329087  .00008685  00000+0  36230-3 0  9996
2 52183  97.3803 307.6380 0009385 163.4058 196.7489 15.23872779 20614
SPACEBEE-132            
1 52185U 22033AE  22227.18102212  .00010016  00000+0  41454-3 0  9991
2 52185  97.3808 307.6639 0008804 174.8992 185.2336 15.24103225 20625
SPACEBEE-137            
1 52186U 22033AF  22227.19564735  .00008568  00000+0  35870-3 0  9999
2 52186  97.3806 307.6415 0009700 162.3651 197.7924 15.23753325 20628
SPACEBEE-135            
1 52187U 22033AG  22227.17997475  .00010093  00000+0  41758-3 0  9997
2 52187  97.3815 307.6758 0009046 159.0741 201.0868 15.24112624 20623
SPACEBEE-143            
1 52394U 22047A   22227.17845852  .00005713  00000+0  31688-3 0  9997
2 52394  97.4488 310.7891 0007997 341.8434  18.2511 15.14126518 17238
SPACEBEENZ-15           
1 52395U 22047B   22227.68082421  .00007238  00000+0  39347-3 0  9993
2 52395  97.4485 311.3398 0007880 337.3713  22.7171 15.14757406 17313
SPACEBEENZ-16           
1 52396U 22047C   22227.68071419  .00006838  00000+0  37190-3 0  9998
2 52396  97.4484 311.3397 0007887 337.4507  22.6377 15.14758926 17316
SPACEBEENZ-17           
1 52397U 22047D   22227.21946832  .00006723  00000+0  36607-3 0  9993
2 52397  97.4487 310.8855 0007931 339.4370  20.6542 15.14723815 17246
SPACEBEENZ-18           
1 52398U 22047E   22227.48426995  .00007248  00000+0  39441-3 0  9998
2 52398  97.4486 311.1439 0007889 338.6699  21.4203 15.14721826 17282
SPACEBEE-140            
1 52399U 22047F   22227.69210143  .00006476  00000+0  35533-3 0  9998
2 52399  97.4488 311.3262 0007913 337.9226  22.1664 15.14466927 17330
SPACEBEE-141            
1 52400U 22047G   22227.70016191  .00005974  00000+0  33002-3 0  9991
2 52400  97.4487 311.3159 0007956 337.7137  22.3748 15.14254481 17316
SPACEBEE-142            
1 52401U 22047H   22227.50699160  .00005780  00000+0  32063-3 0  9994
2 52401  97.4485 311.1134 0007958 339.6016  20.4896 15.14118448 17286
SPACEBEENZ-20           
1 52402U 22047J   22227.68689678  .00007245  00000+0  39494-3 0  9990
2 52402  97.4481 311.3222 0008694 340.0937  19.9955 15.14652544 17312
SPACEBEENZ-22           
1 52403U 22047K   22227.68943390  .00007162  00000+0  39122-3 0  9991
2 52403  97.4480 311.3188 0008706 339.8074  20.2812 15.14584344 17314
SPACEBEENZ-19           
1 52404U 22047L   22227.68574478  .00007236  00000+0  39422-3 0  9994
2 52404  97.4481 311.3241 0008739 340.2073  19.8819 15.14674755 17314
SPACEBEENZ-21           
1 52405U 22047M   22227.22506387  .00006684  00000+0  36484-3 0  9990
2 52405  97.4483 310.8688 0008747 341.9153  18.1767 15.14631378 17242
SPACEBEE-148            
1 52406U 22047N   22227.23481742  .00006095  00000+0  33542-3 0  9997
2 52406  97.4482 310.8565 0008728 341.8696  18.2223 15.14379537 17240
SPACEBEE-149            
1 52407U 22047P   22227.18171229  .00005530  00000+0  30766-3 0  9996
2 52407  97.4478 310.7726 0008723 342.4643  17.6286 15.14028935 17232
SPACEBEE-153            
1 52408U 22047Q   22227.50108800  .00006447  00000+0  35488-3 0  9992
2 52408  97.4511 311.1507 0009113 352.7623   7.3476 15.14346215 17285
SPACEBEE-150            
1 52409U 22047R   22227.50956502  .00006208  00000+0  34391-3 0  9990
2 52409  97.4481 311.1015 0008716 341.9273  18.1648 15.14131176 17284
SPACEBEE-144            
1 52410U 22047S   22227.77340236  .00006291  00000+0  34831-3 0  9993
2 52410  97.4487 311.3712 0007986 340.3546  19.7377 15.14154571 17327
SPACEBEE-145            
1 52411U 22047T   22227.64374080  .00006150  00000+0  34122-3 0  9991
2 52411  97.4485 311.2374 0007958 341.1076  18.9859 15.14089524 17304
SPACEBEE-146            
1 52412U 22047U   22227.71594708  .00005706  00000+0  31831-3 0  9991
2 52412  97.4481 311.2912 0007985 341.3111  18.7826 15.13927122 17318
SPACEBEE-151            
1 52413U 22047V   22227.51284839  .00006252  00000+0  34688-3 0  9991
2 52413  97.4480 311.0966 0008706 342.9801  17.1137 15.14078758 17287
SPACEBEE-152            
1 52414U 22047W   22227.65012821  .00006112  00000+0  34013-3 0  9994
2 52414  97.4477 311.2167 0008679 341.7388  18.3531 15.13975233 17302
SPACEBEE-147            
1 52415U 22047X   22227.71447486  .00006221  00000+0  34569-3 0  9998
2 52415  97.4485 311.2969 0007968 342.7451  17.3509 15.14029220 17316
SPACEBEE-155            
1 52416U 22047Y   22227.52303126  .00003460  00000+0  19526-3 0  9998
2 52416  97.4475 311.0803 0009310 348.4030  11.6986 15.13767126 17285
SPACEBEE-154            
1 52417U 22047Z   22227.71835285  .00005828  00000+0  32496-3 0  9997
2 52417  97.4478 311.2807 0008647 343.5223  16.5726 15.13924957 17314
