TDRS 3                  
1 19548U 88091B   22227.48839609 -.00000312  00000+0  00000+0 0  9990
2 19548  13.6722 350.8494 0033075 329.1898 130.8549  1.00271164111310
HST                     
1 20580U 90037B   22227.16532924  .00001775  00000+0  93532-4 0  9996
2 20580  28.4694 139.7101 0002406 309.7029 165.6713 15.10757998575103
TDRS 5                  
1 21639U 91054B   22227.68180345  .00000070  00000+0  00000+0 0  9995
2 21639  14.2328   4.1797 0023059   3.9118  33.7304  1.00271109113660
TDRS 6                  
1 22314U 93003B   22227.82184701 -.00000308  00000+0  00000+0 0  9993
2 22314  14.1345   7.4224 0011767 126.5958  80.2585  1.00274139108351
TDRS 7                  
1 23613U 95035B   22226.80637678 -.00000216  00000+0  00000+0 0  9994
2 23613  13.9553 358.1239 0027809  57.8635 282.3456  1.00273222 99089
ISS (ZARYA)             
1 25544U 98067A   22227.91275196  .00005492  00000+0  10346-3 0  9991
2 25544  51.6420  40.7075 0005562 126.2063  23.2458 15.50190500354441
LANDSAT 7               
1 25682U 99020A   22227.92757814  .00000212  00000+0  53664-4 0  9993
2 25682  97.9751 273.7421 0001122  81.8094 278.3224 14.59784989241240
TERRA                   
1 25994U 99068A   22227.81297314  .00000216  00000+0  57708-4 0  9990
2 25994  98.1337 298.3626 0001633  90.0464  19.4448 14.57136963205264
TDRS 8                  
1 26388U 00034A   22226.71774968 -.00000250  00000+0  00000+0 0  9993
2 26388  10.4563  42.1422 0019373 352.4570 276.2111  1.00268920 81111
TIMED                   
1 26998U 01055B   22227.78218909  .00000592  00000+0  67365-4 0  9990
2 26998  74.0729 161.4426 0001286 305.2247  54.8813 14.88749268121830
TDRS 9                  
1 27389U 02011A   22227.48774669 -.00000303  00000+0  00000+0 0  9994
2 27389   9.1413  60.2726 0022081 301.0030  75.9446  1.00270479 76392
AQUA                    
1 27424U 02022A   22227.80896344  .00000399  00000+0  98101-4 0  9995
2 27424  98.2490 169.1454 0001979  71.3332 318.8304 14.57354617 78878
TDRS 10                 
1 27566U 02055A   22227.62796774  .00000074  00000+0  00000+0 0  9990
2 27566   8.3073  49.6285 0006692 354.3174 335.0011  1.00270460 72173
SORCE                   
1 27651U 03004A   22227.78500356  .00000728  00000+0  87786-4 0  9993
2 27651  39.9942 246.1728 0022938 172.7742 187.3382 14.90035738 61923
AURA                    
1 28376U 04026A   22227.82674206  .00000395  00000+0  97713-4 0  9995
2 28376  98.2109 170.3152 0001579  81.9004 278.2374 14.57113929961876
SWIFT                   
1 28485U 04047A   22227.76419615  .00002746  00000+0  14957-3 0  9993
2 28485  20.5560 253.9337 0010374 332.4431  27.5453 15.06709843972506
THEMIS A                
1 30580U 07004A   22226.04511361 -.00000538  00000+0  27615-1 0  9990
2 30580  13.8928 339.6894 8381058 177.1144 198.5577  0.87836152 53638
THEMIS D                
1 30797U 07004D   22227.59485912 -.00000491  00000+0  00000+0 0  9998
2 30797   9.6835 328.8522 8339255 191.2219 339.9658  0.87838369 28756
THEMIS E                
1 30798U 07004E   22227.58462713 -.00000503  00000+0  00000+0 0  9996
2 30798  10.5898 342.3682 8328000 179.8070 326.3946  0.87841833 53598
AIM                     
1 31304U 07015A   22227.71851952  .00006003  00000+0  29510-3 0  9995
2 31304  97.8524 149.1584 0005414 152.8457 207.3060 15.18423788840182
FGRST (GLAST)           
1 33053U 08029A   22227.82137205  .00001531  00000+0  69173-4 0  9995
2 33053  25.5823 122.3054 0012174 147.2107 212.9185 15.12325460782694
WISE                    
1 36119U 09071A   22227.75673097  .00005045  00000+0  15451-3 0  9998
2 36119  97.2358 261.0105 0004089  95.3890 264.7819 15.34245253704592
TDRS 11                 
1 39070U 13004A   22227.56253897  .00000067  00000+0  00000+0 0  9998
2 39070   2.8793 347.7129 0006152  79.5545 284.8634  1.00276362 32649
TDRS 12                 
1 39504U 14004A   22227.88328455 -.00000281  00000+0  00000+0 0  9998
2 39504   3.8105 348.3095 0004275 138.7104 114.2241  1.00277555 30228
GPM-CORE                
1 39574U 14009C   22227.83251034  .00013862  00000+0  20177-3 0  9992
2 39574  65.0030 346.1823 0010031 278.9717  81.0294 15.55948074480843
MMS 1                   
1 40482U 15011A   22224.96116898 -.00002151  00000+0  00000+0 0  9994
2 40482  31.5417 101.5694 8758820  56.7219 118.7089  0.28354534 13456
MMS 2                   
1 40483U 15011B   22224.97141204 -.00002150  00000+0  00000+0 0  9994
2 40483  31.4735 101.3501 8754770  56.8924 119.6949  0.28338239 13435
MMS 3                   
1 40484U 15011C   22224.97413194 -.00002150  00000+0  00000+0 0  9995
2 40484  31.5374 101.5828 8758753  56.7093 120.0527  0.28354236 13434
MMS 4                   
1 40485U 15011D   22224.97555556 -.00002149  00000+0  00000+0 0  9993
2 40485  31.4721 101.3535 8754020  56.8965 120.0971  0.28338251 13437
TDRS 13                 
1 42915U 17047A   22227.03695972 -.00000114  00000+0  00000+0 0  9991
2 42915   4.3953 334.0106 0018710 122.9234 228.3068  1.00271958 18285
JPSS-1                  
1 43013U 17073A   22227.78246267  .00000040  00000+0  39684-4 0  9993
2 43013  98.7173 165.4145 0000737  89.4060 270.7201 14.19565632245640
