NOAA 15                 
1 25338U 98030A   22227.84429075  .00000116  00000+0  66519-4 0  9993
2 25338  98.6414 256.5945 0011427 121.6815 238.5480 14.26161327261484
DMSP 5D-3 F15 (USA 147) 
1 25991U 99067A   22227.81926106  .00000083  00000+0  64569-4 0  9999
2 25991  99.0558 220.4180 0010630  26.0905  98.0758 14.16561034172179
METEOSAT-8 (MSG-1)      
1 27509U 02040B   22225.69852733  .00000117  00000+0  00000+0 0  9992
2 27509   8.1411  50.3386 0001657 107.4440  97.3373  1.00264874 73187
DMSP 5D-3 F16 (USA 172) 
1 28054U 03048A   22227.84236374  .00000001  00000+0  24480-4 0  9998
2 28054  98.9917 218.9672 0007905 142.2870 311.7677 14.13677819971426
NOAA 18                 
1 28654U 05018A   22227.76845438  .00000172  00000+0  11662-3 0  9997
2 28654  98.9460 298.1492 0014760 160.2446 199.9300 14.12764609888352
METEOSAT-9 (MSG-2)      
1 28912U 05049B   22225.69939932  .00000109  00000+0  00000+0 0  9991
2 28912   6.1449  65.9309 0000375 349.8403 203.8282  1.00276364 60961
EWS-G1 (GOES 13)        
1 29155U 06018A   22226.99042832  .00000021  00000+0  00000+0 0  9999
2 29155   0.7380  96.5501 0005592  97.8936 186.8239  1.00274093 29319
DMSP 5D-3 F17 (USA 191) 
1 29522U 06050A   22227.79534066  .00000021  00000+0  33763-4 0  9994
2 29522  98.7666 241.7368 0011057  92.4430 267.8009 14.14106020814296
FENGYUN 3A              
1 32958U 08026A   22227.85031477  .00000052  00000+0  45209-4 0  9993
2 32958  98.5068 188.0684 0008094 204.8689 155.2098 14.18733045736640
FENGYUN 2E              
1 33463U 08066A   22226.82596981 -.00000220  00000+0  00000+0 0  9994
2 33463   6.0305  64.9669 0002916  22.9217 259.3475  1.00268174 50027
NOAA 19                 
1 33591U 09005A   22227.84728722  .00000115  00000+0  87162-4 0  9994
2 33591  99.1445 263.2211 0014240  25.4409 334.7460 14.12598837696575
GOES 14                 
1 35491U 09033A   22227.48601719 -.00000107  00000+0  00000+0 0  9995
2 35491   0.4537  94.4532 0014693 117.4630 182.3558  1.00272122 48051
METEOR-M 1              
1 35865U 09049A   22227.69803440  .00000049  00000+0  40999-4 0  9995
2 35865  98.5327 196.2706 0003375  65.0644 295.0885 14.22349785669965
DMSP 5D-3 F18 (USA 210) 
1 35951U 09057A   22227.86371682  .00000187  00000+0  12216-3 0  9990
2 35951  98.7264 205.7979 0009871 279.7099  80.2958 14.13539811661526
GOES 15                 
1 36411U 10008A   22227.61565470  .00000039  00000+0  00000+0 0  9993
2 36411   0.4337 276.2681 0004751 243.7083 257.5672  1.00271977 45614
COMS 1                  
1 36744U 10032A   22227.42557584 -.00000360  00000+0  00000+0 0  9993
2 36744   1.2244  92.2313 0000968  65.7003  87.2125  1.00271573 37037
FENGYUN 3B              
1 37214U 10059A   22227.85036211 -.00000021  00000+0  13085-4 0  9997
2 37214  99.0930 234.8798 0022046 185.0627 175.0331 14.14261876609356
SUOMI NPP               
1 37849U 11061A   22227.83334434  .00000035  00000+0  37551-4 0  9999
2 37849  98.7335 165.5669 0001247  86.5321 349.7605 14.19538107559625
FENGYUN 2F              
1 38049U 12002A   22227.18196601 -.00000374  00000+0  00000+0 0  9999
2 38049   3.9316  79.2510 0000495  98.6843 323.3163  1.00273528 38839
METEOSAT-10 (MSG-3)     
1 38552U 12035B   22225.69216169  .00000041  00000+0  00000+0 0  9990
2 38552   1.6067  44.3385 0000733  52.5636 123.5578  1.00269641 36786
METOP-B                 
1 38771U 12049A   22227.83216175  .00000060  00000+0  47290-4 0  9991
2 38771  98.6916 286.6942 0000659 132.5125 335.4182 14.21501444514173
FENGYUN 3C              
1 39260U 13052A   22227.84071428  .00000050  00000+0  46244-4 0  9998
2 39260  98.4519 252.9418 0012297 102.4211 257.8342 14.15936506460327
METEOR-M 2              
1 40069U 14037A   22227.83425796  .00000010  00000+0  23654-4 0  9997
2 40069  98.4314 242.9276 0006329 139.9646 220.1990 14.20715610420297
HIMAWARI-8              
1 40267U 14060A   22226.87028189 -.00000292  00000+0  00000+0 0  9999
2 40267   0.0404 255.4105 0000980 251.2151 270.5861  1.00272821 28692
FENGYUN 2G              
1 40367U 14090A   22227.79074663 -.00000317  00000+0  00000+0 0  9991
2 40367   2.0812  88.9186 0000508 268.5279 351.0898  1.00267114 27945
METEOSAT-11 (MSG-4)     
1 40732U 15034A   22225.69024328 -.00000025  00000+0  00000+0 0  9992
2 40732   0.4044  67.8289 0001280  32.1738 110.3548  1.00267223 25951
ELEKTRO-L 2             
1 41105U 15074A   22226.81449149 -.00000133  00000+0  00000+0 0  9998
2 41105   3.1302  87.4694 0002350  76.3227  78.1652  1.00271967 24454
HIMAWARI-9              
1 41836U 16064A   22226.87028191 -.00000292  00000+0  00000+0 0  9991
2 41836   0.0146  83.1195 0000709  69.9306 264.2670  1.00270653 21128
GOES 16                 
1 41866U 16071A   22227.43902302 -.00000263  00000+0  00000+0 0  9998
2 41866   0.0554 268.2303 0000695 284.8577 213.5686  1.00271454 21059
FENGYUN 4A              
1 41882U 16077A   22227.73076758 -.00000344  00000+0  00000+0 0  9992
2 41882   0.1182  81.3568 0003115  38.5939 211.8379  1.00267977 20928
CYGFM05                 
1 41884U 16078A   22227.29835965  .00002249  00000+0  11385-3 0  9996
2 41884  34.9551 195.2727 0015914 258.0868 101.8059 15.16579311313723
CYGFM04                 
1 41885U 16078B   22227.26385381  .00002370  00000+0  11811-3 0  9995
2 41885  34.9482 184.3894 0014359 274.1144  85.7927 15.17115862313765
CYGFM02                 
1 41886U 16078C   22227.25314366  .00002349  00000+0  11694-3 0  9995
2 41886  34.9575 186.6830 0015088 268.3711  91.5273 15.17153777313844
CYGFM01                 
1 41887U 16078D   22227.63699517  .00002306  00000+0  11729-3 0  9994
2 41887  34.9519 195.6491 0016377 260.2594  99.6269 15.16387194313720
CYGFM08                 
1 41888U 16078E   22227.34000514  .00002299  00000+0  11543-3 0  9991
2 41888  34.9489 189.8735 0015559 269.2235  90.6694 15.16858112313811
CYGFM06                 
1 41889U 16078F   22227.23287751  .00002004  00000+0  99988-4 0  9994
2 41889  34.9569 185.4794 0014116 267.9466  91.9629 15.17169174313789
CYGFM07                 
1 41890U 16078G   22227.28565280  .00002084  00000+0  10412-3 0  9999
2 41890  34.9508 183.9974 0013868 272.5906  87.3218 15.17101881313774
CYGFM03                 
1 41891U 16078H   22227.21869413  .00002100  00000+0  10495-3 0  9998
2 41891  34.9538 184.9046 0013361 270.0444  89.8737 15.17107152313755
FENGYUN 3D              
1 43010U 17072A   22227.85523880  .00000024  00000+0  32785-4 0  9993
2 43010  98.8176 172.1688 0002918  85.3415 274.8095 14.19217510246196
NOAA 20                 
1 43013U 17073A   22227.78246267  .00000040  00000+0  39684-4 0  9993
2 43013  98.7173 165.4145 0000737  89.4060 270.7201 14.19565632245640
GOES 17                 
1 43226U 18022A   22227.60405774  .00000083  00000+0  00000+0 0  9997
2 43226   0.0926 271.0822 0000370 237.3203 255.7111  1.00272486 16366
FENGYUN 2H              
1 43491U 18050A   22226.98336547 -.00000144  00000+0  00000+0 0  9992
2 43491   1.2930  96.0657 0004410  46.0144 254.4872  1.00268369 15372
METOP-C                 
1 43689U 18087A   22227.77766069  .00000057  00000+0  46071-4 0  9990
2 43689  98.6799 286.7867 0002096 204.5519 155.5559 14.21501446195735
GEO-KOMPSAT-2A          
1 43823U 18100A   22227.42270200 -.00000360  00000+0  00000+0 0  9990
2 43823   0.0119 113.1225 0001828   2.1497 128.9535  1.00271264 13561
METEOR-M2 2             
1 44387U 19038A   22227.88865466 -.00000006  00000+0  16624-4 0  9992
2 44387  98.7269 188.2044 0002404  96.6223 263.5230 14.23716841161864
FENGYUN 3E              
1 49008U 21062A   22227.85305078 -.00000025  00000+0  88957-5 0  9992
2 49008  98.7126 228.8776 0002121 143.8729 216.2580 14.19735935 57740
GOES 18                 
1 51850U 22021A   22227.60573760  .00000082  00000+0  00000+0 0  9993
2 51850   0.0314  83.7576 0002876 124.9080 196.3853  1.00272409  1722
