APRIZESAT 2             
1 28366U 04025A   22227.47710850  .00000070  00000+0  35642-4 0  9993
2 28366  98.1579  93.5796 0107943 157.0281 203.5787 14.36834039950291
SAUDICOMSAT 1           
1 28369U 04025D   22227.73338352  .00000240  00000+0  69402-4 0  9998
2 28369  98.4448 189.7524 0033386 355.6512   4.4389 14.52829920960457
SAUDICOMSAT 2           
1 28370U 04025E   22227.84112072  .00000168  00000+0  57168-4 0  9996
2 28370  98.5366 189.0179 0057565 180.5959 179.5174 14.47724363957241
APRIZESAT 1             
1 28372U 04025G   22227.40274811  .00000148  00000+0  49792-4 0  9992
2 28372  98.4975 188.7572 0047488  95.9482 264.7127 14.49824925958641
NANOSAT-1               
1 28493U 04049B   22227.49826895  .00000473  00000+0  79684-4 0  9990
2 28493  98.1153 328.3382 0005832 102.1777 258.0084 14.74060554948562
SAUDICOMSAT 7           
1 31119U 07012C   22227.82310613  .00000274  00000+0  63134-4 0  9997
2 31119  98.1867 173.1327 0058343 265.1475  94.3063 14.62136802817388
SAUDICOMSAT 6           
1 31121U 07012E   22227.76575586  .00000361  00000+0  84342-4 0  9996
2 31121  98.2274 168.3615 0076505   9.2344 351.0241 14.58917623815597
SAUDICOMSAT 5           
1 31124U 07012H   22227.82004009  .00000274  00000+0  60910-4 0  9991
2 31124  98.1557 174.6693 0050554 209.8248 150.0071 14.63862277818272
SAUDICOMSAT 3           
1 31125U 07012J   22227.39543767  .00000369  00000+0  75896-4 0  9997
2 31125  98.1214 175.6819 0043446 156.6592 203.6597 14.65687751819146
SAUDICOMSAT 4           
1 31127U 07012L   22227.61404784  .00000328  00000+0  75483-4 0  9996
2 31127  98.2094 171.3100 0066745 315.4425  44.1420 14.60648053816516
APRIZESAT 4             
1 35684U 09041D   22226.99933487  .00000309  00000+0  48105-4 0  9999
2 35684  98.3105 242.6509 0047210 162.4031 197.8828 14.79697384703723
APRIZESAT 3             
1 35686U 09041F   22227.47520298  .00000497  00000+0  58291-4 0  9992
2 35686  98.1064 315.4647 0071833 354.6004   5.4429 14.88006139707381
AISSAT 1                
1 36797U 10035C   22227.79641813  .00000848  00000+0  10079-3 0  9994
2 36797  98.2400  53.9238 0010550 344.6473  15.4420 14.87210441655261
S-NET D                 
1 43186U 18014G   22227.67780931  .00001668  00000+0  14575-3 0  9997
2 43186  97.6517 132.2768 0012409  99.3422 260.9204 14.98072695247785
S-NET B                 
1 43187U 18014H   22227.67801925  .00001679  00000+0  14667-3 0  9999
2 43187  97.6514 132.2257 0012429  99.2595 261.0033 14.98070763247784
S-NET A                 
1 43188U 18014J   22227.67831866  .00001689  00000+0  14747-3 0  9997
2 43188  97.6518 132.2928 0012425  99.3374 260.9254 14.98070414247782
S-NET C                 
1 43189U 18014K   22227.67912587  .00001728  00000+0  15077-3 0  9999
2 43189  97.6513 132.2147 0012476  99.1793 261.0842 14.98067981246330
SALSAT                  
1 46495U 20068K   22227.81707062  .00001268  00000+0  94240-4 0  9999
2 46495  97.7311 169.1511 0018267  77.6925 282.6345 15.04713915103114
